  0.10000000000000001       -1.8166569229949788E-010   9.91041116E-09
  0.11000000000000000        1.5532508373485609E-009   1.56076947E-08
  0.12000000000000000        4.1502200023333927E-009   2.12686082E-08
  0.13000000000000000        1.0771903026355658E-008   2.94978371E-08
  0.14000000000000001        1.5000744651936998E-008   3.44978268E-08
  0.15000000000000002        2.2286945628579430E-008   3.98809448E-08
  0.16000000000000003        2.9199897223717297E-008   4.52497986E-08
  0.17000000000000004        4.4319347159432031E-008   5.48423245E-08
  0.18000000000000005        5.1357430985078968E-008   5.96631082E-08
  0.19000000000000006        7.2173598093946733E-008   7.30829655E-08
  0.20000000000000007        8.6188354778574531E-008   7.97334678E-08
  0.21000000000000008        1.0232122783475140E-007   8.81662601E-08
  0.22000000000000008        1.1943234464247842E-007   9.80116610E-08
  0.23000000000000009        1.3892181947981792E-007   1.00238616E-07
  0.24000000000000010        1.5552144731480267E-007   1.06491811E-07
  0.25000000000000011        1.9118827234890837E-007   1.14182853E-07
  0.26000000000000012        2.1135349540749609E-007   1.19381184E-07
  0.27000000000000013        2.2695406812934187E-007   1.32788600E-07
  0.28000000000000014        2.6236275813683910E-007   1.32935426E-07
  0.29000000000000015        2.8852203044791293E-007   1.31875808E-07
  0.30000000000000016        3.0710676146740284E-007   1.42832889E-07
  0.31000000000000016        3.3941278473369764E-007   1.52379769E-07
  0.32000000000000017        3.6574513411461709E-007   1.55218999E-07
  0.33000000000000018        3.9535329080381529E-007   1.59621081E-07
  0.34000000000000019        4.2676265517610904E-007   1.69198330E-07
  0.35000000000000020        4.5169746871334910E-007   1.75529664E-07
  0.36000000000000021        4.7021225489430485E-007   1.74246424E-07
  0.37000000000000022        4.9507266975951495E-007   1.76673794E-07
  0.38000000000000023        5.3570644917481014E-007   1.92020451E-07
  0.39000000000000024        5.5604648158600280E-007   1.97038901E-07
  0.40000000000000024        5.7134852479805717E-007   1.96108260E-07
  0.41000000000000025        6.1353924424021969E-007   2.04177610E-07
  0.42000000000000026        6.4203885760969197E-007   2.05255006E-07
  0.43000000000000027        6.5173175322943775E-007   2.13438298E-07
  0.44000000000000028        6.9876445666437951E-007   2.19641166E-07
  0.45000000000000029        7.1764093267384907E-007   2.23740273E-07
  0.46000000000000030        7.3405025597128004E-007   2.23650602E-07
  0.47000000000000031        7.6217473283126661E-007   2.30483508E-07
  0.48000000000000032        7.8494250605624449E-007   2.23987286E-07
  0.49000000000000032        8.1019242026496262E-007   2.42076794E-07
  0.50000000000000033        8.1592355365237428E-007   2.28402996E-07
  0.51000000000000034        8.5785448320104870E-007   2.40848124E-07
  0.52000000000000035        8.7250110665824508E-007   2.38990538E-07
  0.53000000000000036        8.9375216805940713E-007   2.38313618E-07
  0.54000000000000037        9.1595296551901833E-007   2.47373976E-07
  0.55000000000000038        9.3317830898469899E-007   2.61796288E-07
  0.56000000000000039        9.5345888512660156E-007   2.53759850E-07
  0.57000000000000040        9.7441569486994509E-007   2.52570430E-07
  0.58000000000000040        9.9095195706523659E-007   2.56169216E-07
  0.59000000000000041        9.9451172367251116E-007   2.67177143E-07
  0.60000000000000042        1.0377183788449065E-006   2.54957058E-07
  0.61000000000000043        1.0502483932177802E-006   2.67565241E-07
  0.62000000000000044        1.0761631451921598E-006   2.68951567E-07
  0.63000000000000045        1.0830735233565154E-006   2.63109030E-07
  0.64000000000000046        1.1235304800184140E-006   2.76820685E-07
  0.65000000000000047        1.1172428414212718E-006   2.64135252E-07
  0.66000000000000048        1.1203217620303848E-006   2.66234792E-07
  0.67000000000000048        1.1506769049675604E-006   2.71261911E-07
  0.68000000000000049        1.1688517871081528E-006   2.72667762E-07
  0.69000000000000050        1.1788652702916159E-006   2.82233600E-07
  0.70000000000000051        1.1853177411097323E-006   2.88386303E-07
  0.71000000000000052        1.2002413321105388E-006   2.76683124E-07
  0.72000000000000053        1.2306427514357759E-006   2.92296335E-07
  0.73000000000000054        1.2406721953198702E-006   2.84394105E-07
  0.74000000000000055        1.2193131286187488E-006   2.86624868E-07
  0.75000000000000056        1.2308045040922109E-006   2.83289097E-07
  0.76000000000000056        1.2518735162912782E-006   2.91781276E-07
  0.77000000000000057        1.2617516854889914E-006   2.92572309E-07
  0.78000000000000058        1.2881383331373771E-006   2.91900392E-07
  0.79000000000000059        1.2910865910713358E-006   2.94567002E-07
  0.80000000000000060        1.3180058703539112E-006   2.90228115E-07
  0.81000000000000061        1.2921797607010766E-006   2.86899393E-07
  0.82000000000000062        1.3165594657197595E-006   2.98006938E-07
  0.83000000000000063        1.3308120895844923E-006   2.82640798E-07
  0.84000000000000064        1.3409471423507037E-006   2.89573507E-07
  0.85000000000000064        1.3400337292080437E-006   2.97331070E-07
  0.86000000000000065        1.3664435504408344E-006   3.01576392E-07
  0.87000000000000066        1.3687929242276067E-006   2.96745498E-07
  0.88000000000000067        1.3759848921029087E-006   2.94439502E-07
  0.89000000000000068        1.3921305154365068E-006   3.00948983E-07
  0.90000000000000069        1.3790541347471863E-006   3.07543047E-07
  0.91000000000000070        1.3985579758037790E-006   3.06585520E-07
  0.92000000000000071        1.4100386213504178E-006   2.95057987E-07
  0.93000000000000071        1.4133950488672162E-006   2.99387125E-07
  0.94000000000000072        1.4024451917934105E-006   2.93539443E-07
  0.95000000000000073        1.4282301666860856E-006   3.13090510E-07
  0.96000000000000074        1.4340598403416933E-006   2.98939568E-07
  0.97000000000000075        1.4348226480834666E-006   2.92954837E-07
  0.98000000000000076        1.4528358293616415E-006   3.00964757E-07
  0.99000000000000077        1.4495470072407236E-006   2.94852384E-07
   1.0000000000000007        1.4391442569155627E-006   2.92189100E-07
   1.0100000000000007        1.4601057627740282E-006   3.15640619E-07
   1.0200000000000007        1.4573841989146371E-006   2.99827235E-07
   1.0300000000000007        1.4637401660033645E-006   3.00425313E-07
   1.0400000000000007        1.4688420695739405E-006   2.84555426E-07
   1.0500000000000007        1.4710328170721834E-006   3.09549392E-07
   1.0600000000000007        1.4783967087826604E-006   3.19485366E-07
   1.0700000000000007        1.4833421467183115E-006   2.95949889E-07
   1.0800000000000007        1.5012167219374977E-006   2.96771645E-07
   1.0900000000000007        1.4897922252968016E-006   3.00206722E-07
   1.1000000000000008        1.4908558464823409E-006   3.10844570E-07
   1.1100000000000008        1.4959942201555408E-006   3.05815178E-07
   1.1200000000000008        1.4984720681623187E-006   3.12654436E-07
   1.1300000000000008        1.5170722226798207E-006   3.11969131E-07
   1.1400000000000008        1.4965083066901312E-006   3.04817377E-07
   1.1500000000000008        1.5086386891222553E-006   3.20150150E-07
   1.1600000000000008        1.5134467436734550E-006   3.08501541E-07
   1.1700000000000008        1.5303645946892996E-006   2.98184005E-07
   1.1800000000000008        1.5345933614697552E-006   2.98685109E-07
   1.1900000000000008        1.5379148971406086E-006   3.16362559E-07
   1.2000000000000008        1.5102371248823552E-006   3.20339183E-07
   1.2100000000000009        1.5231866937594762E-006   3.13380156E-07
   1.2200000000000009        1.5310193648874483E-006   3.13656159E-07
   1.2300000000000009        1.5348937796053458E-006   3.08462944E-07
   1.2400000000000009        1.5321662026677198E-006   3.02908461E-07
   1.2500000000000009        1.5448913427330210E-006   3.09270916E-07
   1.2600000000000009        1.5501325149340425E-006   3.04937089E-07
   1.2700000000000009        1.5366498595040102E-006   3.11481983E-07
   1.2800000000000009        1.5284701330370615E-006   3.02719201E-07
   1.2900000000000009        1.5328573271073001E-006   3.03128331E-07
   1.3000000000000009        1.5355102459384261E-006   3.10116121E-07
   1.3100000000000009        1.5495403291859714E-006   3.05127145E-07
   1.3200000000000010        1.5375675855460211E-006   3.10873105E-07
   1.3300000000000010        1.5530067560211497E-006   3.21175833E-07
   1.3400000000000010        1.5414625933440475E-006   3.04775938E-07
   1.3500000000000010        1.5241946928540993E-006   3.03065860E-07
   1.3600000000000010        1.5252090717159324E-006   3.05248335E-07
   1.3700000000000010        1.5553830128769327E-006   3.08169518E-07
   1.3800000000000010        1.5394693461802912E-006   3.12632523E-07
   1.3900000000000010        1.5451790121809505E-006   3.25301841E-07
   1.4000000000000010        1.5490907373729622E-006   2.99820016E-07
   1.4100000000000010        1.5541249782097123E-006   3.03789676E-07
   1.4200000000000010        1.5345576847421880E-006   3.18603725E-07
   1.4300000000000010        1.5517870897023279E-006   3.02498677E-07
   1.4400000000000011        1.5384022797299595E-006   3.06644381E-07
   1.4500000000000011        1.5499484930216252E-006   3.03938521E-07
   1.4600000000000011        1.5614378300158111E-006   3.02369926E-07
   1.4700000000000011        1.5522121480773309E-006   3.06447447E-07
   1.4800000000000011        1.5489604886819343E-006   3.17929619E-07
   1.4900000000000011        1.5496930396741425E-006   3.05911215E-07
   1.5000000000000011        1.5533027555979002E-006   2.95649073E-07
   1.5100000000000011        1.5368905606007131E-006   3.11534478E-07
   1.5200000000000011        1.5425325963439747E-006   3.06077879E-07
   1.5300000000000011        1.5673397599659421E-006   3.05155709E-07
   1.5400000000000011        1.5566856703908999E-006   3.16519760E-07
   1.5500000000000012        1.5460984585310215E-006   3.11739711E-07
   1.5600000000000012        1.5350400646825186E-006   3.09726119E-07
   1.5700000000000012        1.5410145023091757E-006   2.97290910E-07
   1.5800000000000012        1.5459127277850013E-006   2.95750681E-07
   1.5900000000000012        1.5320371532868847E-006   3.01482544E-07
   1.6000000000000012        1.5373420389692815E-006   3.00609940E-07
   1.6100000000000012        1.5605331218826114E-006   3.00292072E-07
   1.6200000000000012        1.5358631088340634E-006   3.06943605E-07
   1.6300000000000012        1.5475303053957007E-006   3.06929451E-07
   1.6400000000000012        1.5477846243926423E-006   3.12167117E-07
   1.6500000000000012        1.5463816253620730E-006   3.03459473E-07
   1.6600000000000013        1.5366499084505917E-006   3.01416662E-07
   1.6700000000000013        1.5507044297810462E-006   2.99609411E-07
   1.6800000000000013        1.5474118483035372E-006   3.12710540E-07
   1.6900000000000013        1.5422993689308001E-006   3.05436402E-07
   1.7000000000000013        1.5483193841260771E-006   2.91361033E-07
   1.7100000000000013        1.5383905001021456E-006   3.03551616E-07
   1.7200000000000013        1.5498352518002384E-006   3.12911141E-07
   1.7300000000000013        1.5463528478740947E-006   2.94578001E-07
   1.7400000000000013        1.5300397400062968E-006   3.05526186E-07
   1.7500000000000013        1.5167098530029973E-006   2.98199495E-07
   1.7600000000000013        1.5338783028075937E-006   3.01469044E-07
   1.7700000000000014        1.5208401003965305E-006   3.04591737E-07
   1.7800000000000014        1.5274668516961204E-006   3.01774094E-07
   1.7900000000000014        1.5329444016929636E-006   2.97923719E-07
   1.8000000000000014        1.5303225634825921E-006   3.09703580E-07
   1.8100000000000014        1.5194427981160541E-006   2.94178108E-07
   1.8200000000000014        1.5064874510827981E-006   3.12902614E-07
   1.8300000000000014        1.5279528088195229E-006   2.90886561E-07
   1.8400000000000014        1.5330552908227195E-006   3.01849752E-07
   1.8500000000000014        1.5238741481091084E-006   2.96352624E-07
   1.8600000000000014        1.5246480185024755E-006   3.00005411E-07
   1.8700000000000014        1.5056089608467610E-006   3.03524331E-07
   1.8800000000000014        1.5174486728123878E-006   2.95404902E-07
   1.8900000000000015        1.5241697037053379E-006   3.00641346E-07
   1.9000000000000015        1.5082666437610253E-006   2.99990006E-07
   1.9100000000000015        1.5162946626516583E-006   2.98608086E-07
   1.9200000000000015        1.4925750843450833E-006   2.87997523E-07
   1.9300000000000015        1.5142977900805165E-006   3.01833154E-07
   1.9400000000000015        1.5141179117055504E-006   3.03285589E-07
   1.9500000000000015        1.4880847299523613E-006   2.87259809E-07
   1.9600000000000015        1.4964507207224242E-006   2.95399332E-07
   1.9700000000000015        1.5065492126534377E-006   3.00694609E-07
   1.9800000000000015        1.5141750219193085E-006   2.93173514E-07
   1.9900000000000015        1.5077154371481384E-006   2.88125051E-07
   2.0000000000000013        1.4917320586338596E-006   2.89558443E-07
   2.0100000000000011        1.5099200169449602E-006   3.02344574E-07
   2.0200000000000009        1.4927931723869750E-006   2.88703887E-07
   2.0300000000000007        1.4853249731357303E-006   2.89655674E-07
   2.0400000000000005        1.4831443857404106E-006   3.02062830E-07
   2.0500000000000003        1.4780932452648312E-006   2.92404025E-07
   2.0600000000000001        1.4954003254907028E-006   2.94358671E-07
   2.0699999999999998        1.4862937797454210E-006   2.92645041E-07
   2.0799999999999996        1.4770596784138040E-006   2.93701390E-07
   2.0899999999999994        1.4740783022000817E-006   2.94514365E-07
   2.0999999999999992        1.4748420606899667E-006   2.95643275E-07
   2.1099999999999990        1.4681298847399120E-006   2.88339294E-07
   2.1199999999999988        1.4785451063638655E-006   2.97693049E-07
   2.1299999999999986        1.4538432843173200E-006   2.87567076E-07
   2.1399999999999983        1.4785724373717913E-006   3.00457202E-07
   2.1499999999999981        1.4593756281939064E-006   2.82741041E-07
   2.1599999999999979        1.4861911871144667E-006   2.83757032E-07
   2.1699999999999977        1.4756347716592224E-006   2.93310649E-07
   2.1799999999999975        1.4521070223232035E-006   2.87738118E-07
   2.1899999999999973        1.4732307904497790E-006   2.94680888E-07
   2.1999999999999971        1.4744159890158563E-006   3.00400700E-07
   2.2099999999999969        1.4619352908428184E-006   2.89635352E-07
   2.2199999999999966        1.4660015134478565E-006   2.98920810E-07
   2.2299999999999964        1.4549313291976961E-006   2.90435509E-07
   2.2399999999999962        1.4686058403946992E-006   2.94604774E-07
   2.2499999999999960        1.4388094205265171E-006   2.90753690E-07
   2.2599999999999958        1.4586418907692921E-006   2.94072919E-07
   2.2699999999999956        1.4559451543225938E-006   2.80288560E-07
   2.2799999999999954        1.4385259322621765E-006   2.89596727E-07
   2.2899999999999952        1.4546166961702596E-006   2.99837978E-07
   2.2999999999999949        1.4282959700510955E-006   2.83451243E-07
   2.3099999999999947        1.4414725418181249E-006   2.79572248E-07
   2.3199999999999945        1.4456112878125860E-006   2.95522511E-07
   2.3299999999999943        1.4574779799215846E-006   2.98971401E-07
   2.3399999999999941        1.4449490978000659E-006   2.87533624E-07
   2.3499999999999939        1.4424675679856947E-006   2.92440092E-07
   2.3599999999999937        1.4293838544527718E-006   2.93567552E-07
   2.3699999999999934        1.4150860589142675E-006   2.90247129E-07
   2.3799999999999932        1.4387568733397339E-006   2.99066102E-07
   2.3899999999999930        1.4519514061895905E-006   2.90844639E-07
   2.3999999999999928        1.4368487218302600E-006   2.81740341E-07
   2.4099999999999926        1.4229149012331502E-006   2.80647981E-07
   2.4199999999999924        1.4333885639967329E-006   2.90543710E-07
   2.4299999999999922        1.4283608162353107E-006   2.81301823E-07
   2.4399999999999920        1.4192371338175507E-006   2.83886180E-07
   2.4499999999999917        1.4439878483476766E-006   2.93567240E-07
   2.4599999999999915        1.4265915470423497E-006   2.80136391E-07
   2.4699999999999913        1.4240429497448703E-006   2.92578960E-07
   2.4799999999999911        1.4016155354816233E-006   2.72030746E-07
   2.4899999999999909        1.4237874031234402E-006   2.82920979E-07
   2.4999999999999907        1.4087029428147687E-006   2.87126568E-07
   2.5099999999999905        1.4069068351934595E-006   2.75650507E-07
   2.5199999999999902        1.3973108266213957E-006   2.72601710E-07
   2.5299999999999900        1.3981237318586407E-006   2.71961540E-07
   2.5399999999999898        1.3954972997322630E-006   2.73510523E-07
   2.5499999999999896        1.3851171924305858E-006   2.71082456E-07
   2.5599999999999894        1.3790953875779900E-006   2.97568619E-07
   2.5699999999999892        1.3837224625920484E-006   2.74505481E-07
   2.5799999999999890        1.3961742377193627E-006   2.76297499E-07
   2.5899999999999888        1.3862930048803366E-006   2.92913001E-07
   2.5999999999999885        1.3864819655989502E-006   2.63790184E-07
   2.6099999999999883        1.3874182299756225E-006   2.83637576E-07
   2.6199999999999881        1.3683504782521999E-006   2.79388502E-07
   2.6299999999999879        1.3762124482971291E-006   2.79488603E-07
   2.6399999999999877        1.3740139151084861E-006   2.82056476E-07
   2.6499999999999875        1.3896140751204444E-006   2.89386321E-07
   2.6599999999999873        1.3665001795556808E-006   2.72998591E-07
   2.6699999999999871        1.3862648519187072E-006   2.74041327E-07
   2.6799999999999868        1.3659655924749926E-006   2.92342861E-07
   2.6899999999999866        1.3766471831428159E-006   2.80639483E-07
   2.6999999999999864        1.3752835565871758E-006   2.82551042E-07
   2.7099999999999862        1.3654445676632438E-006   2.82071909E-07
   2.7199999999999860        1.3630593359908381E-006   2.88596084E-07
   2.7299999999999858        1.3458873383934105E-006   2.69099729E-07
   2.7399999999999856        1.3457009387351055E-006   2.76741417E-07
   2.7499999999999853        1.3641957190270210E-006   2.82807520E-07
   2.7599999999999851        1.3582860244389491E-006   2.81146441E-07
   2.7699999999999849        1.3485823634247906E-006   2.72868732E-07
   2.7799999999999847        1.3438805207976260E-006   2.82840830E-07
   2.7899999999999845        1.3547114815681837E-006   2.69153105E-07
   2.7999999999999843        1.3414252654568216E-006   2.85165243E-07
   2.8099999999999841        1.3438215566562077E-006   2.74207054E-07
   2.8199999999999839        1.3539307830573888E-006   2.74937889E-07
   2.8299999999999836        1.3569868648132349E-006   2.80878453E-07
   2.8399999999999834        1.3489111742834221E-006   2.80162169E-07
   2.8499999999999832        1.3403604561173522E-006   2.87891424E-07
   2.8599999999999830        1.3457310950851570E-006   2.84612895E-07
   2.8699999999999828        1.3313256890120276E-006   2.77266992E-07
   2.8799999999999826        1.3310987149566712E-006   2.73979310E-07
   2.8899999999999824        1.3323497241011674E-006   2.78878758E-07
   2.8999999999999821        1.3505177162636770E-006   2.92067227E-07
   2.9099999999999819        1.3248769078374776E-006   2.87315430E-07
   2.9199999999999817        1.3065540520487678E-006   2.64578603E-07
   2.9299999999999815        1.3354405236425443E-006   2.74193724E-07
   2.9399999999999813        1.3194012683227790E-006   2.75719515E-07
   2.9499999999999811        1.3168482446760235E-006   2.64937114E-07
   2.9599999999999809        1.3049589256283212E-006   2.69803337E-07
   2.9699999999999807        1.3190066981300981E-006   2.65822365E-07
   2.9799999999999804        1.3136099299592446E-006   2.66051273E-07
   2.9899999999999802        1.3208578298959560E-006   2.77611178E-07
   2.9999999999999800        1.3115017306583475E-006   2.69440818E-07
   3.0099999999999798        1.3056512701397660E-006   2.73029400E-07
   3.0199999999999796        1.3008151645309529E-006   2.73951201E-07
   3.0299999999999794        1.2936405195490581E-006   2.71282573E-07
   3.0399999999999792        1.3120085826636267E-006   2.71605785E-07
   3.0499999999999790        1.3043328953002928E-006   2.67005419E-07
   3.0599999999999787        1.2862909736454707E-006   2.70954985E-07
   3.0699999999999785        1.2963862846891062E-006   2.71820710E-07
   3.0799999999999783        1.2700845019790099E-006   2.65312593E-07
   3.0899999999999781        1.2936582526452125E-006   2.67019004E-07
   3.0999999999999779        1.2860183739901767E-006   2.66539018E-07
   3.1099999999999777        1.2886437565248019E-006   2.72258717E-07
   3.1199999999999775        1.2811758303503916E-006   2.68832736E-07
   3.1299999999999772        1.2801535377013348E-006   2.74609903E-07
   3.1399999999999770        1.2749506240099606E-006   2.68333508E-07
   3.1499999999999768        1.2755402589237557E-006   2.74811157E-07
   3.1599999999999766        1.2712806932360066E-006   2.72099527E-07
   3.1699999999999764        1.2707836831673320E-006   2.60184180E-07
   3.1799999999999762        1.2787784990285901E-006   2.76443643E-07
   3.1899999999999760        1.2587469473483436E-006   2.65556537E-07
   3.1999999999999758        1.2836659846584169E-006   2.54998952E-07
   3.2099999999999755        1.2578445195995001E-006   2.55834806E-07
   3.2199999999999753        1.2724041943370279E-006   2.76001288E-07
   3.2299999999999751        1.2661503360833206E-006   2.69242918E-07
   3.2399999999999749        1.2529292019375753E-006   2.66961109E-07
   3.2499999999999747        1.2431826209287378E-006   2.63740588E-07
   3.2599999999999745        1.2522545856344226E-006   2.63141004E-07
   3.2699999999999743        1.2661538508358461E-006   2.68441596E-07
   3.2799999999999740        1.2484113042048480E-006   2.66589268E-07
   3.2899999999999738        1.2480192282727766E-006   2.69891103E-07
   3.2999999999999736        1.2301185454387126E-006   2.64347193E-07
   3.3099999999999734        1.2535901334550683E-006   2.68026582E-07
   3.3199999999999732        1.2456251233941324E-006   2.70939012E-07
   3.3299999999999730        1.2400111444803077E-006   2.67470028E-07
   3.3399999999999728        1.2575651942940058E-006   2.59088637E-07
   3.3499999999999726        1.2454553406078482E-006   2.67370552E-07
   3.3599999999999723        1.2302843822009844E-006   2.67549638E-07
   3.3699999999999721        1.2258505572556277E-006   2.55341916E-07
   3.3799999999999719        1.2326059568265731E-006   2.70832146E-07
   3.3899999999999717        1.2344731623468439E-006   2.65339423E-07
   3.3999999999999715        1.2386155590843017E-006   2.65373302E-07
   3.4099999999999713        1.2235273289786200E-006   2.68509098E-07
   3.4199999999999711        1.2197762624825248E-006   2.58984272E-07
   3.4299999999999708        1.2213067658397522E-006   2.60848310E-07
   3.4399999999999706        1.1958889684735470E-006   2.58610839E-07
   3.4499999999999704        1.2188795527663751E-006   2.60593339E-07
   3.4599999999999702        1.2331691019267372E-006   2.52818666E-07
   3.4699999999999700        1.2305112784493941E-006   2.58824599E-07
   3.4799999999999698        1.2096218162337633E-006   2.61733561E-07
   3.4899999999999696        1.2059512213502635E-006   2.55139781E-07
   3.4999999999999694        1.2075459237076716E-006   2.58676181E-07
   3.5099999999999691        1.2039326978951888E-006   2.57610452E-07
   3.5199999999999689        1.2003932082469740E-006   2.67027275E-07
   3.5299999999999687        1.2096682787658103E-006   2.54277410E-07
   3.5399999999999685        1.2109013837053861E-006   2.58320739E-07
   3.5499999999999683        1.2042555813948842E-006   2.55908361E-07
   3.5599999999999681        1.2100015156184827E-006   2.59975252E-07
   3.5699999999999679        1.1855120774811605E-006   2.54485741E-07
   3.5799999999999677        1.1895330232308729E-006   2.60721549E-07
   3.5899999999999674        1.2014883604821110E-006   2.54728178E-07
   3.5999999999999672        1.1986649213430420E-006   2.52424940E-07
   3.6099999999999670        1.1922187872667830E-006   2.67151279E-07
   3.6199999999999668        1.1972138899515062E-006   2.61295895E-07
   3.6299999999999666        1.1886180127408130E-006   2.55526857E-07
   3.6399999999999664        1.1910144959786422E-006   2.60952135E-07
   3.6499999999999662        1.1887608321239795E-006   2.54888619E-07
   3.6599999999999659        1.1886780046575695E-006   2.63442246E-07
   3.6699999999999657        1.1805253247020890E-006   2.51440071E-07
   3.6799999999999655        1.1741303031193063E-006   2.61258833E-07
   3.6899999999999653        1.1868617714345446E-006   2.56233989E-07
   3.6999999999999651        1.1775310568753566E-006   2.53156230E-07
   3.7099999999999649        1.1645744786699150E-006   2.55038657E-07
   3.7199999999999647        1.1651140676928340E-006   2.58676607E-07
   3.7299999999999645        1.1881409964662276E-006   2.65284399E-07
   3.7399999999999642        1.1797547188684307E-006   2.50662140E-07
   3.7499999999999640        1.1553848101608415E-006   2.56803276E-07
   3.7599999999999638        1.1584582027957017E-006   2.52738147E-07
   3.7699999999999636        1.1670840069689850E-006   2.58697497E-07
   3.7799999999999634        1.1654100074509526E-006   2.53488395E-07
   3.7899999999999632        1.1593159207226440E-006   2.52443868E-07
   3.7999999999999630        1.1533397261813137E-006   2.57059156E-07
   3.8099999999999627        1.1563515288937748E-006   2.47327392E-07
   3.8199999999999625        1.1554257069693643E-006   2.58420357E-07
   3.8299999999999623        1.1544724766090885E-006   2.53761414E-07
   3.8399999999999621        1.1543416802339627E-006   2.59235122E-07
   3.8499999999999619        1.1531216350332507E-006   2.51441037E-07
   3.8599999999999617        1.1392761663525658E-006   2.54678383E-07
   3.8699999999999615        1.1562699151991634E-006   2.52809173E-07
   3.8799999999999613        1.1511483294084134E-006   2.50567297E-07
   3.8899999999999610        1.1647394155956117E-006   2.52733599E-07
   3.8999999999999608        1.1309621479693200E-006   2.49144676E-07
   3.9099999999999606        1.1455952109349114E-006   2.55038628E-07
   3.9199999999999604        1.1500973586084028E-006   2.47072194E-07
   3.9299999999999602        1.1347421220005356E-006   2.48804156E-07
   3.9399999999999600        1.1382769984429948E-006   2.53163620E-07
   3.9499999999999598        1.1346191731376620E-006   2.53208839E-07
   3.9599999999999596        1.1420743070123547E-006   2.50358681E-07
   3.9699999999999593        1.1273176174483960E-006   2.46764017E-07
   3.9799999999999591        1.1489298281320828E-006   2.54306428E-07
   3.9899999999999589        1.1257996521338326E-006   2.51689642E-07
   3.9999999999999587        1.1317143254623009E-006   2.47693293E-07
   4.0000000000000000        1.1257999541383568E-006   2.45041065E-07
   4.0099999999999998        1.1253244990857234E-006   2.67492453E-07
   4.0199999999999996        1.1246250697652638E-006   2.51567542E-07
   4.0299999999999994        1.1028712452987958E-006   2.45045868E-07
   4.0399999999999991        1.1160272260720013E-006   2.61068124E-07
   4.0499999999999989        1.1244494615516420E-006   2.49672553E-07
   4.0599999999999987        1.1007183865100431E-006   2.52182446E-07
   4.0699999999999985        1.1114372888857282E-006   2.53110073E-07
   4.0799999999999983        1.1067106095754778E-006   2.55482746E-07
   4.0899999999999981        1.1097819292083328E-006   2.55606068E-07
   4.0999999999999979        1.1198634195808340E-006   2.50701362E-07
   4.1099999999999977        1.1181037859289724E-006   2.44055116E-07
   4.1199999999999974        1.1058718835047139E-006   2.52674397E-07
   4.1299999999999972        1.1012709940176574E-006   2.59135049E-07
   4.1399999999999970        1.1209815396298014E-006   2.45577354E-07
   4.1499999999999968        1.0924489270975556E-006   2.47188410E-07
   4.1599999999999966        1.1021224511345967E-006   2.56618364E-07
   4.1699999999999964        1.0867612986068266E-006   2.42128920E-07
   4.1799999999999962        1.0892637375599811E-006   2.57150418E-07
   4.1899999999999959        1.0924326833615740E-006   2.46256974E-07
   4.1999999999999957        1.1072566798309612E-006   2.37429930E-07
   4.2099999999999955        1.0871735787056860E-006   2.53330796E-07
   4.2199999999999953        1.0874509647805525E-006   2.48140338E-07
   4.2299999999999951        1.0936216051263082E-006   2.37699325E-07
   4.2399999999999949        1.0689510416096234E-006   2.48482252E-07
   4.2499999999999947        1.0758121339768922E-006   2.46303642E-07
   4.2599999999999945        1.0910039835039386E-006   2.57075641E-07
   4.2699999999999942        1.0820067560371679E-006   2.42865269E-07
   4.2799999999999940        1.0900417550431401E-006   2.57995680E-07
   4.2899999999999938        1.0855625023592446E-006   2.51638795E-07
   4.2999999999999936        1.0629442304188368E-006   2.40897322E-07
   4.3099999999999934        1.0723042335178309E-006   2.46376459E-07
   4.3199999999999932        1.0642690114351827E-006   2.42323267E-07
   4.3299999999999930        1.0712470306260058E-006   2.46196095E-07
   4.3399999999999928        1.0790996148819341E-006   2.37448774E-07
   4.3499999999999925        1.0754633408389939E-006   2.44353657E-07
   4.3599999999999923        1.0839814238641127E-006   2.40161313E-07
   4.3699999999999921        1.0654275215135938E-006   2.58193722E-07
   4.3799999999999919        1.0569700701044462E-006   2.42555330E-07
   4.3899999999999917        1.0601368348305069E-006   2.50793050E-07
   4.3999999999999915        1.0577420201682680E-006   2.55532598E-07
   4.4099999999999913        1.0646540279532430E-006   2.41205754E-07
   4.4199999999999910        1.0593677251967250E-006   2.47023110E-07
   4.4299999999999908        1.0575289665958342E-006   2.55693379E-07
   4.4399999999999906        1.0530403550847538E-006   2.49516091E-07
   4.4499999999999904        1.0438174648991052E-006   2.44296757E-07
   4.4599999999999902        1.0446200915041320E-006   2.46420342E-07
   4.4699999999999900        1.0447195487101405E-006   2.40781219E-07
   4.4799999999999898        1.0564344226105370E-006   2.59848747E-07
   4.4899999999999896        1.0462886858224711E-006   2.34446446E-07
   4.4999999999999893        1.0431281790868328E-006   2.43933243E-07
   4.5099999999999891        1.0319415335670138E-006   2.46329762E-07
   4.5199999999999889        1.0596687546071081E-006   2.44295137E-07
   4.5299999999999887        1.0399089671678927E-006   2.51316180E-07
   4.5399999999999885        1.0510349575946602E-006   2.44734593E-07
   4.5499999999999883        1.0378063257713205E-006   2.49023287E-07
   4.5599999999999881        1.0460875380739177E-006   2.45324486E-07
   4.5699999999999878        1.0208040812207524E-006   2.45756041E-07
   4.5799999999999876        1.0388377859073333E-006   2.52492214E-07
   4.5899999999999874        1.0239168122613544E-006   2.41412380E-07
   4.5999999999999872        1.0273814856663525E-006   2.39720265E-07
   4.6099999999999870        1.0403953213808460E-006   2.41840041E-07
   4.6199999999999868        1.0346756239870564E-006   2.44211208E-07
   4.6299999999999866        1.0301805567794125E-006   2.43944726E-07
   4.6399999999999864        1.0328103888205616E-006   2.40456075E-07
   4.6499999999999861        1.0202253849955620E-006   2.37432133E-07
