   1.0100000000000000        3.9503439186455767E-006   8.40904079E-07
   1.0200000000000000        3.8754429295140909E-006   7.24067718E-07
   1.0300000000000000        3.8787908954329174E-006   8.48767286E-07
   1.0400000000000000        3.9784394871513814E-006   8.75585954E-07
   1.0500000000000000        3.8549260622750858E-006   7.09357835E-07
   1.0600000000000001        3.8678746232512086E-006   7.24206643E-07
   1.0700000000000001        3.7541784524084314E-006   8.37157188E-07
   1.0800000000000001        3.7820388273769871E-006   8.84824544E-07
   1.0900000000000001        3.7721135278235590E-006   8.31578291E-07
   1.1000000000000001        3.7873678440588736E-006   8.11906148E-07
   1.1100000000000001        3.8038375599994263E-006   7.81444271E-07
   1.1200000000000001        3.6418344080948735E-006   7.98626729E-07
   1.1300000000000001        3.6244626804317208E-006   7.33886736E-07
   1.1400000000000001        3.6778395278441523E-006   7.99408667E-07
   1.1500000000000001        3.6858480179273490E-006   7.86926535E-07
   1.1600000000000001        3.7760312941867646E-006   7.80176265E-07
   1.1700000000000002        3.6092821794496184E-006   9.13682527E-07
   1.1800000000000002        3.6391753253894784E-006   7.17658395E-07
   1.1900000000000002        3.7070118397679790E-006   7.56994268E-07
   1.2000000000000002        3.6051645034206716E-006   6.81398888E-07
   1.2100000000000002        3.6285539332936023E-006   7.06994911E-07
   1.2200000000000002        3.4775795503878311E-006   7.37374592E-07
   1.2300000000000002        3.6424033145952821E-006   7.56366376E-07
   1.2400000000000002        3.5136132272435139E-006   6.89378965E-07
   1.2500000000000002        3.5730000165322547E-006   8.53519566E-07
   1.2600000000000002        3.5243573917396620E-006   7.65058701E-07
   1.2700000000000002        3.5245217884287661E-006   7.17899923E-07
   1.2800000000000002        3.4819796749742539E-006   7.69745668E-07
   1.2900000000000003        3.4771148977137700E-006   7.57635519E-07
   1.3000000000000003        3.1968557128658656E-006   7.73117904E-07
   1.3100000000000003        3.4005348430349128E-006   8.87660804E-07
   1.3200000000000003        3.4719009239834372E-006   6.96613085E-07
   1.3300000000000003        3.3971583138851648E-006   7.56135705E-07
   1.3400000000000003        3.4297597770929507E-006   7.47499541E-07
   1.3500000000000003        3.3885603898479543E-006   7.97280620E-07
   1.3600000000000003        3.2501545036407936E-006   7.33245770E-07
   1.3700000000000003        3.2615150041714063E-006   6.89698311E-07
   1.3800000000000003        3.3394344365676223E-006   6.21726315E-07
   1.3900000000000003        3.1987027013417358E-006   7.37683820E-07
   1.4000000000000004        3.2376918895444491E-006   7.10629195E-07
   1.4100000000000004        3.3127236182983360E-006   6.70598354E-07
   1.4200000000000004        3.1395782822830333E-006   7.31514660E-07
   1.4300000000000004        3.2719708428730598E-006   6.33784794E-07
   1.4400000000000004        3.2081204740629712E-006   7.47662284E-07
   1.4500000000000004        3.0856659971927141E-006   7.91608727E-07
   1.4600000000000004        3.0833243716331018E-006   7.08261041E-07
   1.4700000000000004        3.2020796877350449E-006   6.68635039E-07
   1.4800000000000004        3.2677074139871887E-006   7.49271862E-07
   1.4900000000000004        3.2033467447549398E-006   8.06274386E-07
   1.5000000000000004        3.0893439334037262E-006   6.71572593E-07
   1.5100000000000005        3.1531640761089143E-006   6.55080839E-07
   1.5200000000000005        3.0922212618742191E-006   7.50120705E-07
   1.5300000000000005        3.0926516952041737E-006   8.20018897E-07
   1.5400000000000005        2.9752351617812488E-006   7.44585577E-07
   1.5500000000000005        2.9658886096199124E-006   6.74669309E-07
   1.5600000000000005        2.9914958214556686E-006   7.44956367E-07
   1.5700000000000005        3.1208188372069961E-006   7.03479259E-07
   1.5800000000000005        2.9160876049496127E-006   6.69901567E-07
   1.5900000000000005        2.9707378155791760E-006   7.50108029E-07
   1.6000000000000005        2.9246182417366776E-006   7.32841386E-07
   1.6100000000000005        3.0080565848839036E-006   6.77243804E-07
   1.6200000000000006        3.0818087470918450E-006   7.19871650E-07
   1.6300000000000006        3.0347259453651296E-006   7.01341094E-07
   1.6400000000000006        3.0044248622972350E-006   6.37699316E-07
   1.6500000000000006        2.9351996150029119E-006   6.58514068E-07
   1.6600000000000006        2.9267820126302480E-006   7.19344371E-07
   1.6700000000000006        2.9695844717298083E-006   7.13830218E-07
   1.6800000000000006        3.0684596244043206E-006   7.22770494E-07
   1.0000000000000000E-002  -5.9050827497672931E-009   5.16634824E-09
   2.0000000000000000E-002  -5.5363589103916758E-009   4.69437289E-09
   2.9999999999999999E-002  -9.1502410775715397E-010   3.06876018E-08
   4.0000000000000001E-002   9.8503837695623794E-009   5.41022764E-08
   5.0000000000000003E-002   4.7978051284069917E-008   9.81900783E-08
   6.0000000000000005E-002   1.5057474515819631E-007   1.94948242E-07
   7.0000000000000007E-002   3.2248327586678129E-007   2.50189544E-07
   8.0000000000000002E-002   5.0664518733668920E-007   3.25383155E-07
   8.9999999999999997E-002   7.3543166403578605E-007   4.03256024E-07
   9.9999999999999992E-002   9.3131336311238324E-007   4.19020267E-07
  0.10999999999999999        1.2148395566703594E-006   4.96789369E-07
  0.11999999999999998        1.3684568032718707E-006   5.11316728E-07
  0.12999999999999998        1.6965848907961036E-006   5.35463528E-07
  0.13999999999999999        1.8071325207241300E-006   5.84881946E-07
  0.14999999999999999        2.0393069173776709E-006   6.51119308E-07
  0.16000000000000000        2.1865856729976821E-006   6.61577076E-07
  0.17000000000000001        2.4961410429814699E-006   6.56947066E-07
  0.18000000000000002        2.7060165087148041E-006   7.47311219E-07
  0.19000000000000003        2.8840289838267618E-006   7.30951797E-07
  0.20000000000000004        3.0027820333844198E-006   7.65542325E-07
  0.21000000000000005        3.2189825468125507E-006   7.89686851E-07
  0.22000000000000006        3.3982933150990721E-006   8.63396792E-07
  0.23000000000000007        3.5782813595061131E-006   9.23870573E-07
  0.24000000000000007        3.5364711680829850E-006   8.03806358E-07
  0.25000000000000006        3.7029327007034992E-006   8.39816948E-07
  0.26000000000000006        3.9047834292996424E-006   8.48614434E-07
  0.27000000000000007        3.8738205147405327E-006   9.01514056E-07
  0.28000000000000008        4.0070888916199601E-006   8.61495380E-07
  0.29000000000000009        4.2720005360316030E-006   9.61064075E-07
  0.30000000000000010        4.1662507566087752E-006   1.00876980E-06
  0.31000000000000011        4.2319152776732230E-006   9.74301884E-07
  0.32000000000000012        4.0602276241748174E-006   8.49825142E-07
  0.33000000000000013        4.3516580040404618E-006   8.59233637E-07
  0.34000000000000014        4.3583620003593477E-006   9.23497907E-07
  0.35000000000000014        4.3309434538002304E-006   9.48601098E-07
  0.36000000000000015        4.4791949840432316E-006   9.44962778E-07
  0.37000000000000016        4.6413327244797693E-006   9.44847613E-07
  0.38000000000000017        4.6208252064335716E-006   9.03242039E-07
  0.39000000000000018        4.7343499347954849E-006   9.78567641E-07
  0.40000000000000019        4.6862027731025078E-006   9.71375812E-07
  0.41000000000000020        4.6472672193936503E-006   9.96748781E-07
  0.42000000000000021        4.5415146565568584E-006   9.47642548E-07
  0.43000000000000022        4.4555807480492967E-006   9.05756735E-07
  0.44000000000000022        4.6785323708765991E-006   8.96089034E-07
  0.45000000000000023        4.8518939059038937E-006   8.33250112E-07
  0.46000000000000024        4.5946919406326169E-006   8.94799030E-07
  0.47000000000000025        4.5943968358591710E-006   7.58572241E-07
  0.48000000000000026        4.7096461236830130E-006   9.01547764E-07
  0.49000000000000027        4.5524914966430002E-006   9.09583264E-07
  0.50000000000000022        4.7669137690152791E-006   9.61149112E-07
  0.51000000000000023        4.5613477495623038E-006   9.66406105E-07
  0.52000000000000024        4.5687198300997272E-006   8.28096518E-07
  0.53000000000000025        4.6032994673478954E-006   9.53135270E-07
  0.54000000000000026        4.6204940173543510E-006   9.82493248E-07
  0.55000000000000027        4.6569083213047534E-006   9.52226117E-07
  0.56000000000000028        4.6630610808591588E-006   9.37615027E-07
  0.57000000000000028        4.5798204507377064E-006   8.78425283E-07
  0.58000000000000029        4.7045877840855236E-006   1.00338173E-06
  0.59000000000000030        4.5518109562019976E-006   8.73081831E-07
  0.60000000000000031        4.5631422397678565E-006   8.81098458E-07
  0.61000000000000032        4.7511180820534565E-006   9.38946300E-07
  0.62000000000000033        4.4992230410543271E-006   8.12699568E-07
  0.63000000000000034        4.5337747296398477E-006   9.12911446E-07
  0.64000000000000035        4.4786533381315357E-006   9.40419625E-07
  0.65000000000000036        4.5446777507111357E-006   8.55595033E-07
  0.66000000000000036        4.5450395310127970E-006   8.22224308E-07
  0.67000000000000037        4.6117529599141660E-006   9.10012602E-07
  0.68000000000000038        4.4321377153908964E-006   9.22214667E-07
  0.69000000000000039        4.3215009544258118E-006   8.36727168E-07
  0.70000000000000040        4.3273766967089586E-006   8.93744186E-07
  0.71000000000000041        4.3422967242704376E-006   8.62114405E-07
  0.72000000000000042        4.4008252948810455E-006   9.03433204E-07
  0.73000000000000043        4.4997041124173026E-006   8.69177711E-07
  0.74000000000000044        4.3713047158986302E-006   9.43464045E-07
  0.75000000000000044        4.4260489618252164E-006   9.27519125E-07
  0.76000000000000045        4.3454790486001580E-006   8.94009986E-07
  0.77000000000000046        4.4132841119106767E-006   9.36845424E-07
  0.78000000000000047        4.2265275272943868E-006   7.35864830E-07
  0.79000000000000048        4.3925396497916556E-006   8.31672025E-07
  0.80000000000000049        4.2012779443049051E-006   8.46659646E-07
  0.81000000000000050        4.1703059809937634E-006   8.35783226E-07
  0.82000000000000051        4.1892177361740030E-006   7.87377076E-07
  0.83000000000000052        4.2078625740393531E-006   7.77518551E-07
  0.84000000000000052        4.3408686788224160E-006   9.14584177E-07
  0.85000000000000053        4.2739682750556758E-006   7.87651800E-07
  0.86000000000000054        4.3712339786068618E-006   7.71401915E-07
  0.87000000000000055        4.0302170474868623E-006   9.31346392E-07
  0.88000000000000056        4.0151033620416664E-006   8.10919573E-07
  0.89000000000000057        4.0510104413750991E-006   7.85385907E-07
  0.90000000000000058        4.0443421854665292E-006   8.96047084E-07
  0.91000000000000059        4.0605229685157616E-006   8.00048724E-07
  0.92000000000000060        3.7710940392059834E-006   8.35400556E-07
  0.93000000000000060        3.9284047285097975E-006   8.45761974E-07
  0.94000000000000061        3.9163905455836186E-006   9.25697861E-07
  0.95000000000000062        4.0125335621141924E-006   8.39566553E-07
  0.96000000000000063        3.9524249523307176E-006   7.84597489E-07
  0.97000000000000064        3.9753778475884328E-006   8.23759876E-07
  0.98000000000000065        4.0128867734848666E-006   7.94075959E-07
  0.99000000000000066        3.8915663863566584E-006   8.90842330E-07
   1.0000000000000000        3.9472831355049043E-006   8.19468141E-07
   1.6899999999999999        2.8087210870975878E-006   7.87422550E-07
   1.7000000000000000        3.0013620624041829E-006   7.21638457E-07
   1.7100000000000000        2.9093383969022690E-006   6.59012414E-07
   1.7200000000000000        2.8250123461000508E-006   6.85782084E-07
   1.7300000000000000        2.8792111642507287E-006   7.87859051E-07
   1.7400000000000000        2.9050010777636075E-006   6.38145650E-07
   1.7500000000000000        2.8262449217804256E-006   6.86041403E-07
   1.7600000000000000        2.7040837579953301E-006   6.29104250E-07
   1.7700000000000000        2.7375984386095066E-006   6.97807366E-07
   1.7800000000000000        2.7916945144292120E-006   7.32868784E-07
   1.7900000000000000        2.7912797032799351E-006   7.12928056E-07
   1.8000000000000000        2.8997511808546436E-006   6.84958366E-07
   1.8100000000000001        2.9081002236089331E-006   7.33720981E-07
   1.8200000000000001        2.8765140342183412E-006   7.22992638E-07
   1.8300000000000001        2.7968680831864360E-006   6.54848520E-07
   1.8400000000000001        2.7607196834445953E-006   6.93028596E-07
   1.8500000000000001        2.8198533235615249E-006   7.01474448E-07
   1.8600000000000001        2.7381942595474991E-006   7.86704959E-07
   1.8700000000000001        2.7461835371838718E-006   7.38883784E-07
   1.8800000000000001        2.7666540663199016E-006   7.80030234E-07
   1.8900000000000001        2.7416326823396029E-006   6.68333655E-07
   1.9000000000000001        2.6253049505116118E-006   7.11687335E-07
   1.9100000000000001        2.6706306128797644E-006   7.02338696E-07
   1.9200000000000002        2.6666359330442674E-006   7.37310870E-07
   1.9300000000000002        2.6079521192037105E-006   7.84480164E-07
   1.9400000000000002        2.5824193685933817E-006   6.53333700E-07
   1.9500000000000002        2.6960842809068297E-006   7.38016922E-07
   1.9600000000000002        2.5471581732719354E-006   6.74197906E-07
   1.9700000000000002        2.5059380816198642E-006   6.57460646E-07
   1.9800000000000002        2.5671543044784216E-006   7.16394254E-07
   1.9900000000000002        2.5499915199109390E-006   7.56292764E-07
   2.0000000000000000        2.5664430703977382E-006   6.76848629E-07
   2.0099999999999998        2.4989836737258370E-006   7.07991546E-07
   2.0199999999999996        2.5316860885744715E-006   7.03182025E-07
   2.0299999999999994        2.6001449846604320E-006   7.21817628E-07
   2.0399999999999991        2.3756170939151867E-006   6.09069446E-07
   2.0499999999999989        2.4720684780077472E-006   6.89924320E-07
   2.0599999999999987        2.4294228774267910E-006   6.91365301E-07
   2.0699999999999985        2.5586411867380669E-006   6.13854866E-07
   2.0799999999999983        2.4616953709562007E-006   7.10352026E-07
   2.0899999999999981        2.3851429878846234E-006   7.07856998E-07
   2.0999999999999979        2.5832117006096200E-006   6.45334978E-07
   2.1099999999999977        2.4299734107705970E-006   6.89911360E-07
   2.1199999999999974        2.4514932757838824E-006   7.18340232E-07
   2.1299999999999972        2.4027033165317233E-006   6.69584779E-07
   2.1399999999999970        2.3762571905368664E-006   6.72538022E-07
   2.1499999999999968        2.3576792833196222E-006   6.98647398E-07
   2.1599999999999966        2.3975061089590277E-006   6.33802074E-07
   2.1699999999999964        2.4349343851214758E-006   6.29818715E-07
   2.1799999999999962        2.3880479729432218E-006   6.51087532E-07
   2.1899999999999959        2.3402161885952265E-006   6.77711796E-07
   2.1999999999999957        2.3805407111560407E-006   6.01822933E-07
   2.2099999999999955        2.3138424198355934E-006   6.26748545E-07
   2.2199999999999953        2.2887741975343303E-006   6.75106207E-07
   2.2299999999999951        2.2713112862755799E-006   6.76348975E-07
   2.2399999999999949        2.3421971326443921E-006   6.31971488E-07
   2.2499999999999947        2.3491178089912792E-006   6.58582451E-07
   2.2599999999999945        2.4572697321588543E-006   5.95069025E-07
   2.2699999999999942        2.2690845303884781E-006   7.35355172E-07
   2.2799999999999940        2.4695521577315053E-006   6.89660340E-07
   2.2899999999999938        2.1814347243460644E-006   6.41556255E-07
   2.2999999999999936        2.3393220962548081E-006   7.23863366E-07
   2.3099999999999934        2.2905220951040086E-006   7.01605416E-07
   2.3199999999999932        2.4059805254019869E-006   7.18962781E-07
   2.3299999999999930        2.1125189234675637E-006   6.66859421E-07
   2.3399999999999928        2.2935378885059336E-006   5.96959580E-07
   2.3499999999999925        2.1552618293088857E-006   7.37559674E-07
   2.3599999999999923        2.2343103780845425E-006   6.30644877E-07
   2.3699999999999921        2.2417818893177129E-006   6.45558941E-07
   2.3799999999999919        2.2183836846061422E-006   6.62366688E-07
   2.3899999999999917        2.1622911995811569E-006   6.94231574E-07
   2.3999999999999915        2.2153072709901592E-006   6.66441281E-07
   2.4099999999999913        2.2759909750003920E-006   6.37493656E-07
   2.4199999999999910        2.1964787693809446E-006   6.98737381E-07
   2.4299999999999908        2.0537717510353724E-006   6.13326279E-07
   2.4399999999999906        2.1793945028425589E-006   6.89895103E-07
   2.4499999999999904        2.0890097331666451E-006   6.35837637E-07
   2.4599999999999902        2.0612861364626144E-006   5.90964419E-07
   2.4699999999999900        2.1902327370927394E-006   5.37721633E-07
   2.4799999999999898        2.0944022980453314E-006   6.83380961E-07
   2.4899999999999896        2.1756864720386161E-006   7.07272193E-07
   2.4999999999999893        2.1716243800506077E-006   7.04823094E-07
   2.5099999999999891        2.0221229124747173E-006   6.23500682E-07
   2.5199999999999889        2.1791912810493052E-006   6.53747406E-07
   2.5299999999999887        1.9855270777701581E-006   6.27576469E-07
   2.5399999999999885        2.0525677982974732E-006   6.97886378E-07
   2.5499999999999883        2.1383609128865608E-006   6.08260052E-07
   2.5599999999999881        2.0246161138105571E-006   6.39620907E-07
   2.5699999999999878        2.1695739232251485E-006   7.33091383E-07
   2.5799999999999876        2.0457220588021372E-006   6.67822690E-07
   2.5899999999999874        2.1329501714673076E-006   5.51388439E-07
   2.5999999999999872        2.0317628761286611E-006   6.42653561E-07
   2.6099999999999870        2.1018943946202529E-006   7.03870285E-07
   2.6199999999999868        2.0205088551247663E-006   6.50711797E-07
   2.6299999999999866        2.1445544439861520E-006   6.34029902E-07
   2.6399999999999864        2.1077894897609323E-006   5.25012865E-07
   2.6499999999999861        2.0373335855820812E-006   6.56959401E-07
   2.6599999999999859        2.1176314810351265E-006   6.23152232E-07
   2.6699999999999857        2.0413489466782326E-006   6.61225840E-07
   2.6799999999999855        2.0178325192019491E-006   6.24508516E-07
   2.6899999999999853        1.9903332535288358E-006   6.44782688E-07
   2.6999999999999851        1.9873990564292922E-006   7.17217233E-07
   2.7099999999999849        2.0866185590427092E-006   6.19249420E-07
   2.7199999999999847        1.8418313144536151E-006   6.18350782E-07
   2.7299999999999844        1.9898099848769703E-006   5.80187759E-07
   2.7399999999999842        1.9071103443217935E-006   6.54469318E-07
   2.7499999999999840        1.9061686437852918E-006   6.53563006E-07
   2.7599999999999838        1.8660867382613077E-006   5.87961438E-07
   2.7699999999999836        1.8856259909249840E-006   6.61683430E-07
   2.7799999999999834        2.0102331950355738E-006   5.87474233E-07
   2.7899999999999832        1.9153249234702727E-006   6.99129487E-07
   2.7999999999999829        1.8962318479065431E-006   6.48464379E-07
   2.8099999999999827        1.7889407993292527E-006   5.65253060E-07
   2.8199999999999825        1.8675329005809721E-006   6.57049497E-07
   2.8299999999999823        1.8836253354820868E-006   6.49209767E-07
   2.8399999999999821        1.8835555054905696E-006   5.99858197E-07
   2.8499999999999819        1.8600841334715957E-006   6.52086044E-07
   2.8599999999999817        1.9116716397985462E-006   6.35770675E-07
   2.8699999999999815        1.8598691161472253E-006   7.45011448E-07
   2.8799999999999812        1.8076486772171762E-006   6.37840458E-07
   2.8899999999999810        1.8623260181699299E-006   6.47575803E-07
   2.8999999999999808        1.8015898070465017E-006   7.17785269E-07
   2.9099999999999806        1.8475375667105821E-006   6.64111099E-07
   2.9199999999999804        1.8614473940826379E-006   5.33000787E-07
   2.9299999999999802        1.8432607961003959E-006   6.87889383E-07
   2.9399999999999800        1.9427350578623139E-006   5.92312858E-07
   2.9499999999999797        1.8309963783932576E-006   7.08130642E-07
   2.9599999999999795        1.8637028022283836E-006   6.71486475E-07
   2.9699999999999793        1.7690471696279867E-006   6.10068867E-07
   2.9799999999999791        1.7591648363286453E-006   6.51828543E-07
   2.9899999999999789        1.8412877950270495E-006   6.90099796E-07
   2.9999999999999787        1.7657751441382643E-006   6.23959465E-07
   3.0099999999999785        1.7472033479895023E-006   6.48704201E-07
   3.0199999999999783        1.8187131848507428E-006   6.19538355E-07
   3.0299999999999780        1.8456360913292768E-006   6.69665326E-07
   3.0399999999999778        1.8066248719234083E-006   6.39456573E-07
   3.0499999999999776        1.7898369160058899E-006   6.58786689E-07
   3.0599999999999774        1.6754603270052415E-006   6.21773268E-07
   3.0699999999999772        1.6690563282164642E-006   5.77267599E-07
   3.0799999999999770        1.7185905755480614E-006   6.22964990E-07
   3.0899999999999768        1.6642827791530495E-006   6.50453387E-07
   3.0999999999999766        1.8149085165771875E-006   6.18747208E-07
   3.1099999999999763        1.8876384456592368E-006   5.83691474E-07
   3.1199999999999761        1.8257321931432815E-006   6.67853556E-07
   3.1299999999999759        1.6973459869739555E-006   7.07565619E-07
   3.1399999999999757        1.7112916471823697E-006   5.71485998E-07
   3.1499999999999755        1.7325610200097557E-006   5.72106728E-07
   3.1599999999999753        1.6771435725824682E-006   6.18338163E-07
   3.1699999999999751        1.7463290950700648E-006   6.72301326E-07
   3.1799999999999748        1.5904257543325401E-006   6.80037544E-07
   3.1899999999999746        1.7044194658614513E-006   6.41730310E-07
   3.1999999999999744        1.6495929695956887E-006   6.21323068E-07
   3.2099999999999742        1.7074292211339610E-006   6.55819576E-07
   3.2199999999999740        1.6712953341229682E-006   6.33805143E-07
   3.2299999999999738        1.6539221916446906E-006   6.93840377E-07
   3.2399999999999736        1.6624047441541998E-006   6.42399471E-07
   3.2499999999999734        1.7106107493600073E-006   6.45225157E-07
   3.2599999999999731        1.7469557785368760E-006   6.63978824E-07
   3.2699999999999729        1.6218918376555247E-006   6.12549684E-07
   3.2799999999999727        1.7628820310593421E-006   5.65017046E-07
   3.2899999999999725        1.6505160274217923E-006   5.43098110E-07
   3.2999999999999723        1.6212551854961584E-006   6.42466887E-07
   3.3099999999999721        1.7454831470351925E-006   5.69532006E-07
   3.3199999999999719        1.5493980003817871E-006   5.09391327E-07
   3.3299999999999716        1.5222242811492064E-006   6.51331789E-07
   3.3399999999999714        1.6380288780251367E-006   5.99524924E-07
   3.3499999999999712        1.5574931042687327E-006   6.43436977E-07
   3.3599999999999710        1.7130220202842272E-006   6.37434653E-07
   3.3699999999999708        1.6119522474944518E-006   6.04036302E-07
   3.3799999999999706        1.6392911852270271E-006   7.01255715E-07
   3.3899999999999704        1.5239931267811522E-006   6.40513178E-07
   3.3999999999999702        1.4815973634366002E-006   6.03830756E-07
   3.4099999999999699        1.5270533889385278E-006   5.83218309E-07
   3.4199999999999697        1.4816224559340526E-006   6.85664872E-07
   3.4299999999999695        1.5703047815412768E-006   5.96733514E-07
   3.4399999999999693        1.6862180171398579E-006   6.85672660E-07
   3.4499999999999691        1.5290491333200583E-006   6.12867495E-07
   3.4599999999999689        1.7040207940749840E-006   6.32726710E-07
   3.4699999999999687        1.5019020673884122E-006   6.43993189E-07
   3.4799999999999685        1.6829637690338207E-006   5.78442837E-07
   3.4899999999999682        1.4721603798853087E-006   6.43531507E-07
   3.4999999999999680        1.4501626724966775E-006   5.66876054E-07
   3.5099999999999678        1.5024707293119466E-006   6.29987028E-07
   3.5199999999999676        1.4136268751089298E-006   6.69716144E-07
   3.5299999999999674        1.5610711108694528E-006   5.75695424E-07
   3.5399999999999672        1.4084605906243733E-006   5.67540553E-07
   3.5499999999999670        1.5081981683911564E-006   5.70715656E-07
   3.5599999999999667        1.4975994944142090E-006   6.43476085E-07
   3.5699999999999665        1.5327157297367172E-006   6.45064517E-07
   3.5799999999999663        1.5145529965902465E-006   6.04814602E-07
   3.5899999999999661        1.5151680122188957E-006   6.52221331E-07
   3.5999999999999659        1.6305500693912154E-006   5.37419339E-07
   3.6099999999999657        1.5101781993540682E-006   6.88358739E-07
   3.6199999999999655        1.4837750577429905E-006   6.54982443E-07
   3.6299999999999653        1.3971737183422844E-006   6.43189537E-07
   3.6399999999999650        1.4956229558482506E-006   7.11163352E-07
   3.6499999999999648        1.5704163076085237E-006   5.48604646E-07
   3.6599999999999646        1.4397660482090238E-006   6.15256511E-07
   3.6699999999999644        1.3818320347944155E-006   6.05586422E-07
   3.6799999999999642        1.4015215670687677E-006   6.14309386E-07
   3.6899999999999640        1.4281923230309698E-006   6.83454971E-07
   3.6999999999999638        1.4754946983876018E-006   6.10465747E-07
   3.7099999999999635        1.5425650839531231E-006   6.31576256E-07
   3.7199999999999633        1.4865839593242004E-006   6.80046412E-07
   3.7299999999999631        1.5192963222977501E-006   5.87848831E-07
   3.7399999999999629        1.5532226652212683E-006   5.88133844E-07
   3.7499999999999627        1.4378581173027135E-006   5.37102778E-07
   3.7599999999999625        1.4610242222159801E-006   5.88170394E-07
   3.7699999999999623        1.4649881176674471E-006   5.96231928E-07
   3.7799999999999621        1.4344543772055581E-006   6.37127073E-07
   3.7899999999999618        1.4035438724697457E-006   5.68075620E-07
   3.7999999999999616        1.3587413126335257E-006   6.74189948E-07
   3.8099999999999614        1.3955394906283906E-006   6.28462089E-07
   3.8199999999999612        1.4747029017251700E-006   5.68724317E-07
   3.8299999999999610        1.3147169935045631E-006   6.44562590E-07
   3.8399999999999608        1.4545957422571408E-006   6.30942111E-07
   3.8499999999999606        1.5308305318598883E-006   6.06499896E-07
   3.8599999999999604        1.3861300118846171E-006   6.13790178E-07
   3.8699999999999601        1.3543820023731733E-006   6.21853815E-07
   3.8799999999999599        1.4443674572974154E-006   6.49344940E-07
   3.8899999999999597        1.4829238760925684E-006   6.29751867E-07
   3.8999999999999595        1.4234598970952109E-006   7.24815720E-07
   3.9099999999999593        1.4767727242312312E-006   5.44126351E-07
   3.9199999999999591        1.4023732285205233E-006   5.77140213E-07
   3.9299999999999589        1.3727471951225131E-006   6.46894705E-07
   3.9399999999999586        1.3416449788198204E-006   5.88700630E-07
   3.9499999999999584        1.3871578909088989E-006   5.92351910E-07
   3.9599999999999582        1.3783272169233917E-006   6.73062345E-07
   3.9699999999999580        1.2447379083339953E-006   6.48820844E-07
   3.9799999999999578        1.2693330579763548E-006   5.46502918E-07
   3.9899999999999576        1.3828185953937165E-006   6.16280431E-07
   3.9999999999999574        1.4853471460997037E-006   6.11606879E-07
   4.0099999999999572        1.3398043342331836E-006   5.83220526E-07
   4.0199999999999569        1.3831372788355847E-006   6.13068210E-07
   4.0299999999999567        1.3056866705536696E-006   5.90688501E-07
   4.0399999999999565        1.3755589069053666E-006   6.30689897E-07
   4.0499999999999563        1.4374360474203723E-006   5.45575801E-07
   4.0599999999999561        1.3140296983583676E-006   5.96461689E-07
   4.0699999999999559        1.4751208519548687E-006   6.30697343E-07
   4.0799999999999557        1.2856309825025213E-006   6.44227043E-07
   4.0899999999999554        1.2736363611858412E-006   5.67070515E-07
   4.0999999999999552        1.2600554895551204E-006   6.03520391E-07
   4.1099999999999550        1.2635209883821202E-006   6.38017468E-07
   4.1199999999999548        1.2357070233432523E-006   5.85747273E-07
   4.1299999999999546        1.3198168771038392E-006   5.80901769E-07
   4.1399999999999544        1.3536102254689070E-006   5.69997610E-07
   4.1499999999999542        1.3330387417216848E-006   5.62271225E-07
   4.1599999999999540        1.3335598264769977E-006   5.12969905E-07
   4.1699999999999537        1.2687790756620401E-006   6.65539801E-07
   4.1799999999999535        1.2528900919836931E-006   5.90000298E-07
   4.1899999999999533        1.3250894057968300E-006   5.39627081E-07
   4.1999999999999531        1.2946942545123586E-006   5.27931604E-07
   4.2099999999999529        1.3274811889818503E-006   6.45367038E-07
   4.2199999999999527        1.2927864707600568E-006   5.93148286E-07
   4.2299999999999525        1.3240859043454341E-006   6.36622019E-07
   4.2399999999999523        1.3663650304029803E-006   5.83734675E-07
   4.2499999999999520        1.3141176541382797E-006   6.05621551E-07
   4.2599999999999518        1.2913298784848264E-006   6.14015221E-07
   4.2699999999999516        1.2132626216000482E-006   5.39583880E-07
   4.2799999999999514        1.2365186943326076E-006   5.98643567E-07
   4.2899999999999512        1.2403001837190945E-006   7.12752808E-07
   4.2999999999999510        1.3691376072817809E-006   5.93694324E-07
   4.3099999999999508        1.2566056806939354E-006   5.75291153E-07
   4.3199999999999505        1.1883118234023668E-006   5.49135109E-07
   4.3299999999999503        1.1437985470448998E-006   5.92137326E-07
   4.3399999999999501        1.2209613287787540E-006   6.33414402E-07
   4.3499999999999499        1.2622508701583169E-006   5.78789979E-07
   4.3599999999999497        1.2580949625386452E-006   5.77199273E-07
   4.3699999999999495        1.2527686959917161E-006   6.18284560E-07
   4.3799999999999493        1.2817029468892207E-006   6.54285884E-07
   4.3899999999999491        1.2242011765963162E-006   6.15436136E-07
   4.3999999999999488        1.2092752092747527E-006   5.42603516E-07
   4.4099999999999486        1.2252272101217237E-006   6.59291004E-07
   4.4199999999999484        1.2914466671697583E-006   6.24975087E-07
   4.4299999999999482        1.2048037063982666E-006   5.84593579E-07
   4.4399999999999480        1.2344446277172499E-006   6.08514654E-07
   4.4499999999999478        1.3427111737693954E-006   6.76420200E-07
   4.4599999999999476        1.3288360250724313E-006   6.47466777E-07
   4.4699999999999473        1.2394603224927295E-006   6.03403066E-07
   4.4799999999999471        1.1440284924042270E-006   5.56221494E-07
   4.4899999999999469        1.2245909706968429E-006   6.29629085E-07
   4.4999999999999467        1.3022638367304286E-006   6.19663410E-07
   4.5099999999999465        1.2152931805179465E-006   6.72350268E-07
   4.5199999999999463        1.2396484342051786E-006   6.03580133E-07
   4.5299999999999461        1.3232209166000991E-006   5.79823165E-07
   4.5399999999999459        1.1436805255103436E-006   5.99943462E-07
   4.5499999999999456        1.2253971881022940E-006   6.12307417E-07
   4.5599999999999454        1.2214453752299839E-006   5.70954739E-07

