   1.0000000000000000E-002  -2.2038591761581949E-010   4.14810764E-09
   2.0000000000000000E-002  -4.8595608055729366E-010   4.76874373E-10
   2.9999999999999999E-002  -1.0938158656215052E-009   8.14943846E-09
   4.0000000000000001E-002   3.5197080341223358E-008   7.25878948E-08
   5.0000000000000003E-002   1.0108935650352870E-007   1.37857185E-07
   6.0000000000000005E-002   2.8188940373330194E-007   2.42009833E-07
   7.0000000000000007E-002   5.0889500783879153E-007   2.92868208E-07
   8.0000000000000002E-002   8.0528920368548783E-007   3.74913668E-07
   8.9999999999999997E-002   1.1903930216530233E-006   4.60348872E-07
   9.9999999999999992E-002   1.4427193795639034E-006   4.92800837E-07
  0.10999999999999999        1.7085679454245781E-006   6.14357191E-07
  0.11999999999999998        2.2869415423162353E-006   7.60825628E-07
  0.12999999999999998        2.3576060324291373E-006   5.77803405E-07
  0.13999999999999999        2.6830187829643776E-006   7.23414530E-07
  0.14999999999999999        3.1906965411400229E-006   8.12808366E-07
  0.16000000000000000        3.3323504779998151E-006   7.81260667E-07
  0.17000000000000001        3.8256259145616837E-006   8.75638989E-07
  0.18000000000000002        3.9090778650395311E-006   8.57026919E-07
  0.19000000000000003        4.1599312219289252E-006   8.46282489E-07
  0.20000000000000004        4.2587685753930824E-006   7.05399941E-07
  0.21000000000000005        4.4966822651784012E-006   8.53905817E-07
  0.22000000000000006        4.5738221756916149E-006   7.46020419E-07
  0.23000000000000007        4.7619995827642718E-006   8.76950821E-07
  0.24000000000000007        4.5917553940144356E-006   8.01901535E-07
  0.25000000000000006        4.7878639045696634E-006   7.67815038E-07
  0.26000000000000006        5.2336829415015784E-006   8.56767656E-07
  0.27000000000000007        5.0895098473928759E-006   9.51694290E-07
  0.28000000000000008        5.3486235531890858E-006   7.96147788E-07
  0.29000000000000009        5.2381486719418709E-006   8.84784413E-07
  0.30000000000000010        5.2890351437909143E-006   9.07926051E-07
  0.31000000000000011        5.1782048045461888E-006   9.61771093E-07
  0.32000000000000012        5.5128916676661284E-006   1.05572678E-06
  0.33000000000000013        5.5339626301595268E-006   1.13395697E-06
  0.34000000000000014        5.5911810024578123E-006   9.71699592E-07
  0.35000000000000014        5.3861162337515544E-006   9.26271241E-07
  0.36000000000000015        5.4698720132449636E-006   8.22572133E-07
  0.37000000000000016        5.6672779020846622E-006   8.03503781E-07
  0.38000000000000017        5.4679737674637313E-006   1.07283745E-06
  0.39000000000000018        5.9145480472226276E-006   8.03531293E-07
  0.40000000000000019        5.5280924216754740E-006   7.26976111E-07
  0.41000000000000020        5.2939152537328669E-006   7.06505432E-07
  0.42000000000000021        5.6132399624848906E-006   8.55199460E-07
  0.43000000000000022        5.3582156622644886E-006   1.02342983E-06
  0.44000000000000022        5.7141540299592880E-006   8.27655867E-07
  0.45000000000000023        5.4563999701622818E-006   8.52653784E-07
  0.46000000000000024        5.4828590446541988E-006   8.66548760E-07
  0.47000000000000025        5.5296528900775727E-006   8.34411253E-07
  0.48000000000000026        5.4791436205663593E-006   8.34076275E-07
  0.49000000000000027        5.4961241956810716E-006   9.53935000E-07
  0.50000000000000022        5.5087132042355738E-006   9.02608065E-07
  0.51000000000000023        5.3490916419108626E-006   7.86442797E-07
  0.52000000000000024        5.3856079540273367E-006   8.22286609E-07
  0.53000000000000025        5.5405021842297018E-006   8.94490711E-07
  0.54000000000000026        5.4071517159458215E-006   9.86957275E-07
  0.55000000000000027        5.5339835683623043E-006   8.24174151E-07
  0.56000000000000028        5.3667125867187790E-006   8.09230187E-07
  0.57000000000000028        5.4100429082146755E-006   7.66906055E-07
