1.252705555835132545e+00
3.721771860309192048e-01
9.167234486355023693e-01
7.966064768426511788e-01
6.794807455535637475e-01
1.372642614038498854e+00
7.143004589197073928e-01
1.329711093542428335e+00
5.721138540514180137e-01
7.307634593297279713e-01
1.381712465519647992e+00
3.614133088676137473e-01
1.274853604775293636e+00
1.660080694997655426e-01
2.231208169499865612e-01
2.956553565599401856e-01
1.140025644350028289e+00
4.169142246928568274e-01
4.437171572666440134e-01
4.439588060127995228e-01
9.226467173258172672e-01
6.862601707904188997e-01
4.398175935540295511e-01
6.290521190838004317e-01
3.049376104952840061e-01
2.532317941570028652e-01
3.033110626503352503e-01
4.928249295634175575e-01
2.362796304848167328e-01
1.054703342449531567e+00
9.041574272049174299e-01
5.931105069724912360e-01
6.416972311262876261e-01
1.354173639575757315e+00
6.418803964721203625e-01
1.526368005088324098e-01
7.670157164375260850e-01
8.177795697316289081e-01
6.260493787835659241e-01
6.950240519157813157e-01
4.742500915289022956e-01
4.787181584367814491e-01
1.920043386179891287e-01
5.913702086432084393e-01
6.548543657422117859e-01
6.007412332856972847e-01
5.826732853989883276e-01
3.162566479140550557e-01
2.102662586565245295e+00
1.197217575042388793e+00
7.546302915355062035e-01
6.221480272832422553e-01
9.015622107188441259e-01
3.657027806924663116e-01
8.398618229624474907e-01
1.197554822709653299e+00
3.596652075002343407e-01
2.912256710700359963e-01
8.957823731739605888e-01
7.194031638649885929e-01
2.917833685621863404e-01
5.893107897330653877e-01
5.959118689065795449e-01
7.269273688802038169e-01
8.592966764857935813e-02
4.817749509950535747e-01
8.042851208425615406e-01
1.326778114311514711e+00
1.030466725054588029e+00
8.950142920860832962e-01
2.836128567066396600e-01
1.419794527079737190e+00
1.953855073519308039e-01
8.684499176910954743e-01
2.658051064672218855e-01
7.026251198986765978e-01
8.191010173201198619e-01
3.196351345731401894e-01
7.726597184037036214e-01
6.767711545996519806e-01
4.605045658135394904e-01
8.486758390256888829e-01
9.660415919315085143e-01
8.010082568785990009e-01
1.166436147634765330e+00
1.374828189255813127e-01
1.930459433531029889e-01
2.150654256299568134e-01
9.449368581617676455e-01
2.749016175825645392e-01
9.391893665531443336e-01
9.314868605185077088e-01
5.760812533711495709e-01
3.633733653408539599e-01
6.046076361319251413e-01
9.359903771953633767e-01
3.313088850203481095e-01
8.907707473735636539e-01
4.732263462454419090e-01
3.348777993228642669e-01
1.032177038296118177e+00
9.478130324162226117e-01
9.067205719416365772e-01
2.710721274557763016e-01
5.099178235151047289e-01
1.234698000075265867e+00
6.262935750675855395e-01
9.576474530299465826e-01
6.744639371408199802e-01
6.685526426665000521e-01
1.381341300610119172e+00
7.433671091562735755e-01
8.517801747066384710e-01
7.221841869903159461e-01
1.124078482362120157e+00
9.462204706283926514e-01
5.376517159360056919e-01
8.049409546348301747e-01
2.660969422059157319e-01
2.496935212768208734e-01
1.013030861518479986e+00
8.565193636748682504e-01
7.519275506885773064e-01
6.353179499452128454e-01
1.876732742513167462e-01
7.668656553524085817e-01
4.051306066368858261e-01
2.236197438740165355e-01
3.277525026981311096e-01
1.274083466151568311e+00
7.297199625092942732e-01
8.669264544905977976e-01
1.574692846423372705e+00
2.793575526706336132e-01
8.917478809947120277e-01
8.394974685785143720e-01
1.596347070254452882e+00
9.476030161262567475e-01
5.893968889182608084e-01
6.353841246343359117e-01
1.304371786184794102e+00
1.375792383733319690e+00
3.069775854361576628e-01
9.924178536615079205e-01
7.969916530463549975e-01
1.002445543238618536e-01
3.213400212539607725e-01
4.461813468803962346e-01
1.154926681945282585e+00
5.927938191604530394e-01
8.421229978833767449e-01
8.989747465670062665e-01
6.831517360850150045e-01
7.105746043478406992e-01
7.766203704880613179e-01
8.200100592655400478e-01
5.805637891721301402e-01
8.143947819510669595e-01
1.164302166595613697e+00
3.250771016134544888e-01
7.801852411408372046e-01
5.322213576780305822e-01
8.087049002269096620e-01
1.010213256667226389e+00
2.573533082754178580e-01
1.017297438426866707e+00
3.032883087714391412e-01
6.459923220144491163e-01
6.203551094608859007e-01
5.988063536207960391e-01
7.142105412910394469e-01
3.672209855583115634e-01
2.971433838842500452e-01
4.866040241268469457e-01
7.537197309476015850e-01
9.417647822133752289e-01
4.913720458039172456e-01
2.473542094366255328e-01
5.392357684254732719e-01
7.063881806937130081e-01
6.482970419221002478e-01
2.920569693569303182e-01
4.098077864833729045e-01
6.064376850354261661e-01
5.863462043495304421e-01
3.567909724236115188e-01
1.029558094478111974e+00
1.625973859427114920e+00
1.518557437261866871e+00
7.295739701049208659e-01
4.757906109613734280e-01
9.613051637605631861e-01
6.196450185796833487e-01
7.785974377830531257e-01
6.771088252165340382e-01
6.843447315548120691e-02
2.196641921060752178e+00
1.182152819365584806e+00
3.639416358482223668e-01
1.218736730789635514e+00
8.593406632292028835e-01
6.646545207665297550e-01
3.570628885235274108e-01
1.421343887763336922e-01
6.048325269418040051e-01
2.057276309766974398e-01
3.944484978016521981e-01
1.539582174392784664e+00
5.239845967480804001e-01
5.875134856513237747e-01
8.890635918258613657e-01
8.439223461544576033e-01
1.859119730081732591e+00
4.559123522897655101e-01
4.621634763636113807e-01
1.126273168015506254e+00
4.665907122869736301e-01
5.535491854556866542e-01
8.055385230024880716e-01
3.291910149400537056e-01
9.879161999853331988e-01
8.512235004502780589e-01
5.763790896906317851e-01
1.029010186472021138e+00
3.577339462286371896e-01
4.942331608780728969e-01
6.286534290815614101e-01
3.346030476265247078e-01
5.246877431419715299e-01
3.163309819447142623e-01
1.073559142626546281e+00
6.762427866708874413e-01
6.907152979293037509e-01
3.577883110060643967e-01
1.561548915538676086e-01
5.323235430787933709e-01
7.697843025442094866e-01
1.951820863646941406e-01
1.464065531855382130e+00
1.656306213316994569e+00
5.094068300620870904e-01
6.041457375666563490e-01
5.895872367717180929e-01
7.787547727733722391e-01
5.246850653156170941e-01
1.634701125447865389e+00
2.985227238499150726e-01
4.658636599066298123e-01
8.717899004374531913e-01
4.259056656702309152e-01
1.612224549875457269e-01
6.439004075408685246e-01
7.893937096937553299e-01
6.720954219494807980e-01
4.221599007569055706e-01
8.507185629264166771e-01
7.561225001052869210e-01
7.773114169727921574e-01
6.325251574683175004e-01
1.890671953144662520e-01
7.940690707124550274e-01
5.226841487420045285e-01
1.140411350542456015e+00
2.046748185455172786e-01
6.525978643405663804e-02
1.026546907804425146e+00
2.505201080246779455e-01
2.058667231060281599e-01
8.148304557669893144e-01
9.344328955573898421e-01
5.028725003963273599e-01
9.961326731437598614e-01
8.220554778719749711e-01
2.248519152717770586e-01
4.287724032647644012e-01
4.572724831356479447e-01
4.879996381300416575e-01
5.738251364279086664e-01
6.188926489299267919e-01
3.205971909390928909e-01
4.562030553459983095e-01
6.061836284282252629e-01
1.040888081064507364e+00
7.614981357414005725e-01
4.139394073005909225e-01
8.337633876713917980e-02
3.604447386013630017e-01
1.113035161931228201e+00
7.087521906701657048e-01
5.937961874931321216e-01
8.915366630901392364e-01
8.198020929338343254e-01
1.001703169454416731e+00
1.063776698878572402e+00
9.706887899570886269e-01
5.690983683736048349e-01
4.398425683903928185e-01
1.697033391956502824e-01
8.185825703080823468e-01
3.424482448648826227e-01
6.587562942584205272e-01
6.021940735323585425e-01
5.181878385341935900e-01
4.349447865187314743e-01
6.910765642795932973e-01
1.228802154640919575e+00
7.324332183861297363e-01
5.072048175764914957e-01
6.324166287075786430e-01
1.045763839820665758e-01
5.601092534678372425e-01
3.325830290792851640e-01
5.967885867886801865e-02
1.033789362658327882e+00
3.469828294638216959e-01
7.948355006533992517e-01
9.911982607933551570e-01
9.162495306318262367e-01
7.283610252257031181e-01
1.141638158738181197e+00
5.641690158098426888e-01
2.051100180096927239e-01
5.736630348573342753e-01
8.105228192494118300e-01
5.547550384168895565e-01
3.358055955243759994e-01
9.128656687384795188e-01
4.342335452726629463e-01
1.394950488312116876e+00
6.578476610387964385e-01
1.183983034369539222e+00
1.145850552662656563e+00
5.595363928388654706e-01
8.737159753301955156e-01
1.013886630957918422e+00
5.540864644338042710e-01
1.009986589323962569e+00
7.276495175005941451e-01
2.414893535118758927e-01
2.109176555048387913e-01
9.177183791096711341e-01
5.684004657346293232e-01
1.262275180248515483e+00
7.226000938078013247e-01
1.861430472454763951e-01
6.280742253286646370e-01
2.693037115002878679e-01
9.880108041142209307e-01
1.052266475333994533e+00
1.195297135381703457e+00
2.137225532807406070e-01
4.961856619859534856e-01
1.956306212400337752e-01
4.847451626443863293e-01
3.897909636136124290e-01
1.013293134803069817e+00
3.804632350007757235e-01
9.151363259284510665e-01
8.178295737540131061e-01
1.223162796418404419e+00
1.303200209865957193e+00
5.773269676931777061e-01
3.166366485428086519e-01
1.252510953653950265e+00
2.574266572066399306e-01
9.193599327493815476e-01
3.326454538169566488e-01
1.462239316210174334e-01
8.206144023514325703e-01
4.626688370406087936e-01
1.063912295332143154e+00
5.902230245741920678e-01
1.294562530322142857e+00
1.327913367955858570e+00
7.447235999146132324e-01
9.933081697979118108e-01
7.581192806864466283e-01
6.603530777619683878e-01
8.294123064938392353e-01
7.994350836572446939e-01
3.097106891548024876e-01
1.001306027755001882e+00
1.135602809657805468e+00
1.113921152367247647e+00
8.506207589941979785e-01
7.368604433087848626e-01
9.504853620970851180e-01
2.162055992778536551e-01
1.070217689007517237e+00
1.199689959005282719e-01
4.585465246273384698e-01
4.890085388579387127e-01
1.119258979933851705e+00
7.764350170326281830e-01
1.171570823017479279e+00
8.837005448847986555e-01
7.489433006845428453e-01
6.897370960139456164e-01
7.905531578590099251e-01
1.102274289252155093e+00
8.296343160756425306e-01
8.438321868746359034e-01
4.173185575612755605e-01
9.247024484351951124e-01
2.683736392235853141e-01
8.272358641102315335e-01
1.165917988160934282e+00
8.604154955363477741e-01
1.026710781134278383e+00
5.700756338062985540e-01
6.455772986282330705e-02
5.433217410601366426e-01
7.079688422587530061e-01
6.197802808162841126e-01
1.043661047547554732e+00
7.903539518799839181e-01
9.854187190075391900e-01
4.297503170484133772e-01
5.585839436687789483e-01
1.308341573656397694e+00
1.022146669218925608e+00
7.007785593108597499e-01
1.427979234051419410e-01
1.215213020903367580e+00
1.158645114563658929e+00
9.668453905702826257e-01
7.142904218607759592e-01
3.793381603500001198e-01
1.581546328622102371e-01
1.158769442947869210e+00
7.689814660203508900e-01
1.456952935665806637e+00
3.333945502175170716e-01
4.273074920503855401e-01
9.514992191536242316e-01
2.980359269376860465e-01
3.376584284651315548e-01
6.538264930076143067e-01
3.360533731813326042e-01
3.047540276775220769e-01
1.064398654425131152e+00
1.192660675296662171e-01
6.771659224005056599e-01
9.701892264106558583e-01
8.204293291126620868e-01
5.055785020218368508e-01
8.576494664891662900e-01
2.430853767047181369e-01
1.201292289982427430e+00
1.058431804184884140e+00
9.489791448979429944e-01
6.078313325786134369e-01
1.304342910523643262e+00
8.762871901991873269e-01
3.416988064522191726e-01
1.280960573819891035e+00
7.562337112965914487e-01
5.563728198343800280e-01
7.012861084433545944e-01
7.396959090028728534e-01
4.352629405206104307e-01
8.556003122425933638e-01
1.124477203863778058e-01
7.427489007914084285e-01
3.794036988461458315e-01
7.144968038483796580e-01
5.546018671750276852e-01
3.727789102428132884e-01
9.336717804228286122e-01
2.037144497796911924e-01
8.334648444053543992e-01
6.245509590092093166e-01
1.816273979292944540e+00
1.190802276534078663e+00
1.160473176082504443e+00
6.499663367533576874e-01
5.636455491179884758e-01
4.789920899873822968e-01
5.571627884302179368e-01
4.798520086708489285e-01
3.789116203386488357e-01
6.274170798486899958e-01
7.688816860433264067e-01
1.482274479792510924e+00
4.110280358350374974e-01
3.703146621724134890e-01
1.551147707195636716e-01
4.286349226819152203e-01
3.764463035445518302e-01
4.450804066604258646e-01
9.568612895331630730e-01
4.448728688491650485e-01
6.021661844739640834e-01
1.381150509037674334e+00
4.498144653746156130e-01
6.238538911251472197e-01
4.684374141443178874e-01
1.233312412930479551e+00
3.282670091806169088e-01
7.251594088667198124e-01
3.604102844726564392e-01
2.626118620996706343e-01
2.601544552803481292e+00
5.995390193766346743e-01
4.984992566221144172e-01
8.402124825974397471e-01
7.230808614378252119e-02
6.460234002222944305e-01
5.541061027846557741e-01
9.180652431576008521e-01
9.014807337113897034e-01
3.993004572398607399e-01
5.960340129600619763e-01
1.059773071053330629e+00
8.089431326719195292e-01
6.937498080812958268e-01
5.022636331353840244e-01
7.633694134289940869e-02
5.228926977464786185e-01
9.873281271774375645e-01
2.035218026898873989e-01
4.299997020569413797e-01
8.495737262298915793e-01
1.383738750159501762e+00
6.018381193962785147e-01
4.276365139335963073e-01
3.350756023439326325e-01
9.855054809910025471e-01
1.238394861860836693e+00
5.114010181438530811e-01
6.923526251702069034e-01
4.115912261164150765e-01
3.642221038244141118e-01
4.204688699551686337e-01
8.841291243570523761e-01
5.843601009560104309e-01
3.029492863334094510e-01
3.650041782962351045e-01
7.461152954033161144e-01
8.743771532704767147e-01
3.496028998949922140e-01
5.813696782092659943e-01
9.185128515153200279e-01
4.687466546163223668e-01
4.301999139160180841e-01
3.605532038737545020e-01
1.057974228632683644e+00
7.696250512340645500e-01
8.913877314579072841e-01
6.090129544840561238e-01
3.177472805330530115e-01
8.098770895782890777e-01
1.251733331140898686e+00
2.863907341521356176e-01
3.567647615874061096e-01
6.129369566818758663e-01
1.313021791024114870e+00
6.152727771236672361e-01
5.747792727690432812e-01
8.997590277709196505e-01
1.431836934686040230e+00
1.023078104212447936e+00
6.577611687748230462e-01
1.194786767977758402e+00
1.740356162266574191e-01
1.005604098564518711e+00
7.830187831944445120e-01
1.388834735579088375e-01
1.360868375375095196e+00
5.390911378595782955e-01
6.047863759033438313e-01
1.037741049924140402e+00
3.038881210633012087e-01
7.282792965339868196e-01
9.137179049747082837e-01
9.460278231023683260e-01
6.322364644228113395e-01
5.545492259909825528e-01
1.827146072885776629e-01
8.472283460919797227e-01
2.657185766994618614e-01
1.289672515699177846e-01
3.766384048233266113e-01
8.090691294412938328e-01
8.803954901649365672e-01
5.426047413331002156e-01
5.620123649572005275e-01
6.286972576489066045e-01
6.795957566194491539e-01
1.103487950770720705e+00
8.447872611641745744e-01
1.250336173750176139e+00
6.694855629596082602e-01
5.310471714815612199e-01
3.096603255083027473e-01
6.934463439834468446e-01
2.733760730317032484e-01
8.132130516055646741e-02
9.950046356270615677e-02
1.545312215024480240e-01
2.592826909417965675e-01
1.443526413909691497e+00
1.340313993158569250e+00
6.201134444109321908e-01
3.302701922423564307e-01
3.988969159435352685e-01
5.304790113148959430e-01
1.647883292879219530e+00
3.422057958538267664e-01
5.388081086856136848e-01
1.139960636817488604e+00
7.260354529804831092e-01
7.413714618957815139e-01
5.635386059256294322e-01
1.255929825073548889e+00
1.197919417949876580e-01
1.321224135332383920e-01
4.492738684382539538e-01
6.050424375152138046e-01
4.829545356419661650e-01
3.156217715419799563e-01
8.499050159993756237e-01
7.609196625431907668e-01
3.618895976297093475e-01
3.391363507617627393e-01
7.776322715107640837e-01
1.302993973809731809e+00
8.635519635023805041e-01
2.212255062449826892e-01
9.718787469108063348e-01
1.134608076619368688e+00
3.987180188197903541e-01
8.443713644274333241e-01
3.288415422449495473e-01
1.428545852483529055e+00
3.240436642022903047e-01
9.850652179337159309e-01
6.846755078277353412e-01
5.553215238556274969e-01
4.573429075272096300e-01
6.720279446063591455e-02
4.560452750251662857e-01
1.254919830507492895e+00
1.160828771082466737e+00
9.881609767355169494e-01
7.573352733656847358e-01
7.955701577288324389e-01
3.410317534532449901e-01
1.870246653188251396e-01
5.648829703778951439e-01
4.456064390507732398e-01
7.974288919332921388e-01
2.735176979558780475e-01
5.591668686768435093e-01
4.751188447760402722e-01
5.359478011413110199e-01
1.112826013922344259e+00
1.039033058423746159e+00
9.396937110772816126e-01
7.782533985986663794e-01
3.641761270640376247e-01
5.403897950813959516e-01
7.175478734315179352e-01
7.822155422045685702e-01
8.100657939219558790e-01
1.736989493344547886e-01
9.566328830648326287e-01
6.030268338247859461e-01
8.471097475711671931e-01
6.787971344345531399e-01
5.964535489025529769e-01
5.542722168557729923e-01
3.060369649895927635e-01
6.462977603726254294e-01
1.105636903856554776e+00
1.761475797489404360e-01
4.919448778484508122e-01
7.252705657026448094e-01
2.006359087586964962e-01
6.478324123771179721e-01
1.269804316272383105e+00
4.261334972048942404e-01
8.287914044297669536e-01
4.862544624521372150e-01
8.725533620164419579e-01
6.458131430278649665e-01
7.653003712032364625e-01
4.778018414964682048e-01
4.353422002736857532e-01
9.590513915923665200e-01
8.550774314147178146e-01
6.237076767735884042e-01
1.787419905447951374e+00
6.570248760416388389e-01
4.284887625533374544e-01
5.069948779048880638e-01
5.835355100031298647e-01
6.497765864500885113e-01
1.079624656647114378e+00
1.017055602056749386e+00
8.071396115960068895e-01
3.880878774850089474e-01
7.686068886876223916e-01
8.395193005546331966e-01
7.781408083560842348e-01
1.477187582932897314e+00
4.484154930390170657e-01
7.635169096454484938e-01
3.364860972694418417e-01
3.916095183050788964e-01
3.936395922839717176e-01
2.509848733503066143e-01
3.698005737428044504e-01
4.535399185994496984e-01
4.503012656438877270e-01
2.445486352914952588e-01
8.473952287904876202e-02
4.364642533456292162e-01
1.047201253563629919e+00
7.422179952133285408e-01
4.556278457948325644e-01
3.686451199722340921e-01
9.868392153982561421e-01
8.828200121386475807e-01
3.802600987970281565e-01
7.923603756896482331e-01
6.431848594518558837e-01
1.177799374974034974e+00
3.085991609468740071e-01
1.342627502968722686e+00
6.348408142940215049e-01
5.729590559399073690e-01
1.053365927609152264e+00
5.582979720215639485e-01
1.118369496024843590e+00
4.319017545256947921e-01
9.312551999302717265e-01
1.283127496272037149e+00
6.359092375166799371e-01
7.165098277619901257e-01
5.313742242982595343e-01
4.044976409448234889e-01
1.067410520057036294e+00
7.677099130196997079e-01
1.098406418053962108e+00
1.123351311594024793e+00
3.002716476698362169e-01
9.321258488349074556e-01
4.120219229778424030e-01
5.360664905960782489e-01
1.009283668146830015e+00
3.665909222599035844e-01
8.456123792520429117e-01
4.435820298161763930e-01
6.094129057888402201e-01
1.800941137300133610e+00
5.122893914179300623e-01
2.722675229266203201e-01
8.773660345131610860e-01
1.958868707978413115e-01
1.193755237667723179e+00
9.333526504615455854e-01
1.244078895166533583e+00
2.276077087359484885e-01
4.793943788947468976e-01
3.986642340544983010e-01
3.850695278646372177e-01
1.095813164455516908e+00
4.348161685515292696e-01
1.905761244015470868e-01
8.361667670752879200e-01
2.748116116170228329e-01
4.026406860898763540e-01
2.219175831550343203e-01
8.218155333015660924e-01
1.045652581472097831e+00
5.479631738612353864e-01
4.640241231915419595e-01
4.734258446096973327e-01
1.279817831802138484e+00
6.260456111205325858e-01
1.038480063339706883e+00
1.482588553512601548e+00
2.607498991751965867e-01
2.095586566325564615e-01
1.791148436538867239e+00
3.375665421342059491e-01
9.206741616375749837e-01
8.608291951383995055e-01
4.760793842109659058e-01
5.503061616468394313e-01
7.909545346268677113e-01
7.465165754492201211e-01
3.859628721657935579e-01
4.325877475087442914e-01
4.478063398837074383e-01
5.466379915240587861e-01
2.197126586984738394e-01
8.057612977182295744e-01
3.447916987473295114e-01
6.845705291841917006e-01
1.422813693052346617e-01
9.431385919883017444e-01
5.040587586614615478e-01
7.254051714350971958e-01
1.065950993631133992e+00
3.491187253952081071e-01
2.957917664863788931e-01
4.929579398145371716e-01
9.865495379066419046e-01
5.290914653991292127e-01
5.794542421929915754e-01
5.796111574407114553e-01
1.077606095590888158e+00
1.666418018302114334e-01
1.132822020964210807e+00
1.058716636923158871e+00
1.252290354917874549e+00
1.227873210194665665e+00
8.056948847175064710e-02
1.117333452797866888e+00
1.469840792135507446e+00
8.520889521949649437e-01
8.936266521849555167e-01
6.640190932519544065e-01
7.101249714808288704e-01
7.684280384484228899e-01
1.037499334186255284e+00
5.630783319605779935e-01
8.831054109202058910e-01
7.330112264720353155e-01
2.166468871294524867e-01
1.187786084467984393e+00
3.046007664782427460e-01
8.021552431421616891e-01
4.765476658267535637e-01
1.004101491428562198e+00
8.771506281249906722e-01
1.474822261178613703e+00
2.371453463341627876e-01
6.109567826118712519e-01
1.097702237215479215e+00
7.338509752317154966e-01
4.773561019707674435e-01
3.842089640348317903e-01
5.662813080052315762e-01
4.169269439962724477e-01
1.377297999741463053e-01
3.379901186260137469e-01
1.300093621685836975e+00
1.066990543065846841e+00
5.002311439988272879e-01
4.952780078056800983e-01
1.345361519452796584e+00
1.809086984402048737e+00
5.211980210727500396e-01
1.044219638775068404e+00
4.019972958750814840e-01
1.530295208342664359e-01
1.144052125482705851e+00
6.552706286045186790e-01
3.282450494744236225e-01
2.133469183021300675e-01
7.851088462561165437e-01
5.329435290082668031e-01
1.390519099770061606e+00
3.951656943325736471e-01
8.455397242024351723e-01
7.216150174053043154e-01
1.249017129533604775e+00
3.139377753597314968e-01
1.026483876108142734e+00
4.934705541462204859e-01
5.735944466915088302e-01
3.807274651918382546e-01
1.010922578339233269e+00
5.079781505821050480e-01
3.457973436786185295e-01
5.821171260035599149e-01
3.139420452925658633e-01
9.835835314924690209e-01
6.525800649529004405e-01
4.694043720851792112e-01
1.087620028910673886e+00
5.038072007923035667e-01
9.275807035307666037e-01
8.803366208532293902e-01
6.229371175157860652e-01
3.294792006331468959e-01
8.520968313293197927e-01
1.779803457776284237e+00
1.068292825859432860e+00
1.732396188153718097e-01
6.344458927585694408e-01
3.363937354692405624e-01
9.798655763454098278e-01
2.709815808009733984e-01
5.087233766607870411e-01
8.637513996068919564e-01
1.093012570331235667e+00
3.905313992697992398e-01
6.913934390508448269e-01
6.207214121706734478e-01
1.236817204803695835e+00
7.400777888666510984e-01
9.001663435259557033e-01
2.079454213945466923e-01
8.650253179585002394e-01
4.534622967288443607e-01
5.487384114073249330e-01
1.099412510589608649e+00
5.719702417075944734e-01
9.375854542194864694e-01
3.423284326331372807e-01
1.049695490970600081e-01
5.880129958183282213e-01
2.561457728716198257e-01
3.705545830593455769e-01
2.472333164134843386e-01
5.340528001295076210e-01
6.833240047581486953e-01
2.282215140296653677e-01
1.197580764993873892e+00
8.978332501981612923e-01
6.714966237316225550e-01
2.199246248523883951e-01
2.963820405717817463e-01
6.677367433596054225e-01
5.681004846494877025e-01
1.290363967901762887e+00
4.774631169477036585e-01
6.892493633254523910e-01
2.777623368817880301e-01
8.224825744497820112e-01
1.057471357810074064e+00
3.705664524521180003e-01
5.924789698414580918e-01
6.304336278977609176e-01
1.959722883598389032e-01
3.476554192844595881e-01
1.024409261407268401e+00
8.845607112458608867e-01
4.974631931472916491e-01
7.795693930941814953e-01
7.851000451692587978e-01
1.053995653925595688e+00
4.269955119168615254e-01
7.980384116415853990e-01
2.505069199033968519e-01
5.670694806522191822e-01
1.385060361991583777e+00
4.225892228778112547e-01
4.584490204230531885e-01
7.206324413806519669e-01
1.162782628251234573e+00
1.838259826845050071e+00
1.080555354385443811e+00
2.819312291081406130e-01
5.776459365253512335e-01
6.226492440872880563e-01
3.886677354503874082e-01
1.576315433786484421e+00
6.345513216831614178e-01
6.211271947034215923e-01
4.541672788711870190e-01
8.833012528342946146e-01
8.215440181663197228e-01
2.477765355084746712e-01
1.035514465092370440e+00
4.434588287559003139e-01
8.720823797510218744e-01
9.909819798529169166e-01
1.249441606721113152e+00
5.421305487716764349e-01
2.854429143894176013e-01
2.329896317120346283e-01
6.014630426664868690e-01
8.241575698798614402e-01
1.054488448529603106e+00
2.812562224650209664e-01
5.057289590287404879e-01
5.368739483342704899e-01
9.095005968709959365e-01
6.303612663681370520e-01
4.477097520564772282e-01
7.076430589300873875e-01
6.788766011914293408e-01
8.705921656482339399e-01
1.594334117161207987e+00
1.152832202412189672e-01
3.153334651220366935e-01
7.496766167886214083e-01
1.258095328531372070e+00
1.143558090612982525e+00
2.640594524988443825e-01
6.211777778500640057e-01
6.866918377067453561e-01
6.981665360857615132e-01
5.115381900400233217e-01
4.339423772080386876e-01
9.308976530357246926e-01
2.508042165290564895e-01
5.942186730128580230e-01
1.159496244963464706e+00
4.571233174284147771e-01
1.699763760053292494e-01
8.435919544144837579e-01
6.779177744052666821e-01
1.376570695974120850e+00
8.707364933203451396e-02
3.468035796929553327e-01
2.059459067685649014e+00
6.217190394135807541e-01
7.732252463686560828e-01
2.641373070239413923e-01
8.436355060228947211e-01
1.825717609564130595e-01
8.664316902811114440e-01
1.335575465191359390e+00
2.173173187277332996e+00
2.109432953488535323e-01
3.415703142894798150e-01
9.147018230994827803e-01
1.060821364150491997e+00
7.486055333311725235e-01
2.011506709438305174e-01
6.757937255571802027e-01
3.571777310682944795e-01
1.178958355846928541e+00
1.472273905011181050e+00
2.293319353316332354e-01
4.138817236807180722e-01
3.509495785798839584e-01
8.449680050376401352e-01
3.639610536677663766e-01
7.234639136149071392e-01
9.627804860551046895e-01
7.132726447634698541e-01
1.432944569457949680e+00
9.126990198104764085e-01
1.242356777121606526e-01
4.186877193171230638e-01
4.274512187806235874e-01
6.783183733274229521e-01
6.093576348113688423e-01
8.335893839668391259e-01
4.578239278248872335e-01
1.604491747692975145e-01
5.629229328837125346e-01
7.887208589580856355e-01
1.261697889613277779e+00
7.959319786874970992e-01
4.930108757491746818e-01
1.021973471916778342e+00
8.159076022513146453e-01
5.040384052812695304e-01
2.901452702810937145e-01
1.245695723090501028e+00
8.062431074423928035e-01
7.951906833814882392e-01
6.367186680431609069e-01
6.548877568865062448e-01
7.203829500062031155e-01
1.325370497971640749e+00
6.313107492069133242e-01
1.238423783434719150e+00
3.280388654689729844e-01
8.933974113704450382e-01
5.264020314829218616e-01
9.527483137858474560e-01
6.315994084195587499e-01
9.685587277045174526e-01
7.933948220555855357e-01
2.059695287007430764e+00
7.692712914887400721e-01
6.819698915107761383e-01
4.894814079936787854e-01
8.671605230447120283e-01
6.173144891690443004e-01
7.726330951209962050e-01
5.070128455315499050e-01
6.448948569802930297e-01
9.928520453779238197e-01
5.483765523087136273e-01
1.261374947324573004e+00
1.325336821122179209e+00
3.213193381675175098e-01
6.531411750967525132e-01
4.938620936721599408e-01
3.117587025244653032e-01
7.126278534798046183e-01
1.074742953520290423e-01
5.389524420763828205e-01
1.589069074139594639e-01
2.433333593326707234e-01
2.132170128321586033e-01
5.408440459857251081e-01
5.238474115946870624e-01
1.055797328447464878e+00
2.790710984524984450e-01
3.858903078280911392e-01
3.446806547449587366e-01
1.178173522102546000e+00
2.643990842640270844e-01
1.189749626194365195e+00
9.485117572427598231e-01
6.054692679944815303e-01
2.711712688504491209e-01
3.921437230466132129e-01
2.439350956452995267e-01
6.862808449710291470e-01
4.450042752675361646e-01
1.022829339074265320e+00
1.343427583071009623e+00
4.872751454731479304e-01
1.192852954055235504e+00
6.481433255697960361e-01
4.797811746188630766e-02
1.537885057520226972e+00
4.142870176781183744e-01
5.034474824264506543e-01
1.072516021742072168e+00
6.913424699815772234e-01
6.372042786832003980e-01
6.668744015575107653e-01
6.055601281192660723e-01
3.638957897454438428e-01
8.249306630380646155e-01
1.171793065186600202e+00
6.524255436155615984e-01
2.424426370715049850e-01
6.775495033792583444e-01
1.130168471121587359e+00
3.619266539865729215e-01
3.881894533133065095e-02
9.174587903259292521e-01
5.220937470402606806e-01
7.288077869190281444e-01
1.454427253529731567e+00
8.901836520962822519e-01
1.204949397878912976e+00
2.962930319536989376e-01
1.227545959095649453e-01
4.309179059577736837e-01
3.355451993929232102e-01
4.709726153276109772e-01
9.782173814442807203e-01
8.480163779086002940e-01
7.688426195029535171e-01
1.304552375279609822e-01
3.561095992389454179e-01
1.135354860731826454e+00
4.738032975774479627e-02
3.986690781480957679e-01
3.253810911014010654e-01
3.097399861242018937e-01
3.731727895388843308e-01
1.112705029497712550e+00
7.806320343017790764e-01
5.242666997334182177e-01
6.560793246705746151e-01
1.921442704282104452e-01
8.863905299838238383e-01
4.800280129393368345e-01
1.062361714256571110e+00
3.142088518337750047e-01
1.490592247386659297e+00
6.474011249658478961e-01
4.925742645203806114e-01
7.720010667623884437e-01
1.299871519148115606e+00
1.693454444209768983e+00
3.350248618945386725e-01
8.431645395343488891e-01
9.913906187746760468e-01
7.652803646611792132e-01
5.897113905411078827e-01
1.501293386537164043e+00
5.561736369312486605e-01
1.348208002708739750e+00
1.507747512477379592e+00
7.147164588999990187e-01
1.328705193894615055e+00
1.888788582790030812e+00
5.161909186992302834e-01
3.864503992720539349e-01
3.794423327160584281e-01
1.122330743242936357e+00
9.427106824308556510e-01
8.701186530029932920e-01
6.330020526322697183e-01
1.754003781900776437e-01
1.446990671734458243e-02
1.274828437936283754e+00
1.087178763190240538e+00
9.696350628655548975e-01
5.239598413505909269e-01
1.152545736534261067e+00
6.847263235554197358e-01
8.802349376865908903e-01
6.223535655814258494e-01
1.118646544402830845e+00
6.202955954175286557e-01
1.156292801569158257e+00
5.201103685405416011e-01
9.964291491040293547e-01
8.276779274469672210e-01
4.518979455148938729e-01
1.970355343412757421e-01
8.044288577874071366e-01
1.116466144342954436e+00
6.344795814452508509e-01
1.203442744285956323e+00
5.593469265977484284e-01
9.766428699765895560e-01
7.352525831831389080e-01
6.984350616803067791e-01
5.212497587911582020e-01
8.649196899949919137e-01
1.187102659691968043e+00
5.880675457932943440e-01
7.010471211983648754e-01
5.145911543777856867e-01
1.127114763686325682e+00
4.421853287206771177e-01
1.949964674936972564e+00
1.412390106118634359e+00
7.359707045900139022e-01
5.431022017237194799e-01
6.985360135914422397e-01
6.324775218648859276e-01
6.867689950155045908e-01
6.181467368565037868e-01
7.469964607528074563e-01
9.046218856310817014e-01
8.097297816801548587e-01
8.334597913935480606e-02
1.813860188368249693e+00
2.841351950704480434e-01
1.210726466016837088e+00
1.071123760311060380e+00
9.784626246627917689e-01
6.952707817909469235e-01
3.340162535770636043e-01
1.493594693013813979e+00
7.128196877847839952e-01
9.315026342151485617e-01
5.909820851795228869e-01
5.990086426778440387e-01
4.978191421883583212e-01
1.185797699555867446e+00
7.017777946270304934e-01
7.213993015740894910e-01
7.315086636397536424e-01
3.857735462617856714e-01
1.658383221439350130e-01
1.586894033055811670e+00
4.441881808050564540e-01
6.965431073438311804e-01
4.053402426523383673e-01
7.946695726319762398e-01
8.035504985378881804e-01
6.414011332350730843e-01
6.960932203460525880e-01
9.312814880457657152e-01
7.053439963358325571e-01
1.092061911763465787e+00
1.442861188665088001e-01
8.211539313589763522e-02
7.675428864090235725e-01
5.154973600900378816e-01
4.832743514944026764e-01
6.741520870796102738e-01
5.595761019455286478e-01
1.278617711853751393e+00
2.588125512287673402e-01
8.760660701981926035e-01
1.058715870743737852e+00
6.165082319236917519e-01
1.875207698822752289e-01
1.776453862137053141e+00
8.844360175695580306e-01
8.924665950024309735e-01
1.258013402099481093e+00
1.704901815332517279e+00
1.183584473845641138e+00
1.146152472712486325e+00
1.675704705841782216e+00
1.136164503593113606e+00
1.093031330730095840e+00
4.848894102791257987e-01
1.077231033816260286e+00
1.318932874345193129e+00
7.187876984077117282e-01
5.907083886275568130e-01
9.839227808178958590e-01
2.482998950172383978e-01
6.846827385984478598e-01
6.250540900803207567e-01
6.175315803968827177e-01
7.674162400485633473e-01
7.265909770883065555e-01
7.997303912946057691e-02
6.120876078682699895e-01
8.092011185979514076e-01
4.028751641590290755e-01
3.554107916161446945e-01
2.132849759467864981e-01
1.167027780014432414e+00
4.940972569086710120e-01
5.763135922383785248e-01
1.104670850376790803e+00
7.535242428872919174e-01
5.950361877739559491e-01
9.231357211892128323e-01
4.661265525118667430e-01
4.494948101811905294e-01
7.100587178544843781e-01
7.558115291492439880e-01
1.378157369404939825e+00
9.436320650515166442e-01
4.114000115445710093e-01
5.325794524361086024e-01
3.896269603224450928e-01
7.172822850668331141e-01
7.867799596276371377e-01
1.322886964228361661e-01
5.003512713871789419e-01
4.349759980744967724e-01
4.358687790629753311e-01
9.630123789255528033e-01
1.174704443962514278e+00
6.753725127950043206e-01
2.795313610273435501e-01
5.458585809833613745e-01
2.051746531700800180e-01
4.354639939220845135e-01
8.381722314003456908e-01
3.165375284373044829e-01
1.425298442510491093e+00
3.667045457491209248e-01
1.657900929577136029e-01
3.065679339032970629e-01
4.350123082388323015e-01
7.113405444217393292e-01
7.736292593779047211e-01
1.224014179930647872e+00
8.329640055060926196e-01
1.036397659710683650e+00
1.815456553509265103e-01
1.162961049272480535e-01
1.417956511710311562e-01
4.454747140007634942e-01
4.588595997531333404e-01
8.231657101340108529e-01
8.184206615701538068e-01
1.315140978275132488e-01
7.518915841386847321e-01
1.128608801808536954e+00
3.969443467558158023e-01
2.778897380728934108e-01
1.758118113751596878e+00
8.096409839670347663e-01
9.554757167955526542e-01
5.967129745252834905e-01
7.343651874916212741e-01
3.943844327737016653e-01
9.961740898335429417e-01
6.823134687366615436e-01
6.723117050687472673e-01
7.068171674288937778e-01
1.012524079292944856e+00
8.667118852431567877e-01
1.151766141560974788e+00
7.722485616687776444e-01
6.585491189092727016e-01
1.386256695093178726e-01
1.328217830060452354e+00
1.065673304462505078e+00
5.660395823337538435e-01
1.209753350092907631e+00
4.380651172502894597e-01
6.791942871917915348e-01
1.942929744638915435e-01
4.105507848357162759e-01
5.594420926443540720e-01
1.076868496108190465e+00
4.042284439422841880e-01
1.234261953914598919e+00
2.580772336455202653e-01
4.339608712923600509e-01
6.903483346860254111e-01
1.006672465879893563e+00
8.581136097853102607e-01
5.027328785721471016e-01
2.647144563484690183e-01
4.037530219265040854e-01
3.037040961761509061e-01
1.416443868173429932e+00
7.507759533696907184e-01
8.344628528606955475e-01
1.556007277585966797e+00
4.219179131476334388e-01
7.650423331032034646e-01
9.604802931995918280e-01
8.248055005214814939e-01
1.259415394957839718e+00
8.972794100818167751e-01
1.045208647428080173e+00
5.511453627516553766e-01
4.745670958294767039e-01
7.679515984529543537e-01
2.458103101506779187e-01
7.836084575638969651e-01
1.192557548508177190e+00
7.853490867943285769e-01
6.722973610720223148e-01
3.153815853739861397e-01
6.486392832903243866e-01
4.720739974334063893e-01
1.595039805207925654e-01
1.425902748395403430e-01
5.693445500161080641e-01
8.945675812074525002e-01
7.454640227091372529e-01
2.968737990194014742e-01
8.057315965515011724e-01
1.208703396093020244e+00
1.006987845496305933e+00
9.563844885556146425e-01
4.258530274394490833e-01
6.060923667200694975e-01
7.034820646210135919e-01
1.230628826647291563e+00
3.963382865112736742e-01
4.163133227778436085e-01
2.269425569814107757e-01
9.542190932783355395e-01
8.772725038296519395e-01
7.202246905372801100e-01
4.260667349473449828e-01
3.949359051203751303e-01
4.152598886860591199e-01
8.066222263725496555e-01
6.422713640379166256e-01
1.941980865473489914e-01
3.519294962112971548e-01
5.892320263214055887e-01
2.731958026673109163e-01
5.215428605809440121e-01
8.370526438042019679e-01
3.530838332584311789e-01
5.861117821300593222e-01
9.053319864698702313e-01
1.241560689495193603e+00
1.239511057927577653e+00
2.149670646408420038e-01
8.347393437000143468e-01
1.033318705567490170e+00
1.074096525471058161e+00
1.125775822039809748e+00
9.367563746056692953e-01
1.270024880547289681e-01
4.384198219831840770e-01
3.713144452071446833e-01
1.039962472570088448e+00
4.345762737039318147e-01
5.897554255398684830e-01
3.114621920819414247e-01
1.584615139879752832e-01
1.803661555077996859e+00
8.540741876542972122e-01
4.931606745606428310e-01
1.349291881550638950e+00
8.932731218266400930e-01
5.673477062122305181e-01
3.060707061291864650e-01
8.056748605497218163e-01
5.006647158385753027e-01
4.723435620456014061e-01
2.457628309098648378e-01
1.106075659166442016e+00
8.348221126619671528e-01
1.035261609134066729e+00
1.024988186705549087e-01
5.068401521180694314e-01
1.587153587374031949e-01
1.316588923811059963e+00
8.064468165530446209e-01
4.884185221991824699e-01
6.026635501475021695e-01
6.922789057955004433e-01
5.364538326666639101e-01
7.181288407120024475e-01
3.584712764956050068e-01
2.186303805897414354e-01
6.442004055113811356e-01
4.808823384453377314e-01
9.847009147454344191e-01
6.967805602357126649e-01
1.034785710857934804e+00
7.909237128477840384e-02
1.056517704353798992e+00
7.706990263823220166e-01
1.077993505880259884e+00
4.301396643266761077e-01
8.855274429150808979e-01
7.796666069215830719e-01
1.270373478022245317e+00
8.425037985945386110e-01
5.715243312204340009e-01
1.956967949768302073e-01
5.820489870388982911e-01
5.039546633150929766e-01
1.931530754021597018e-01
1.467871005182636579e-01
1.474426364357415586e+00
6.596063249471314505e-01
4.772776709225821090e-01
1.056030998113479002e+00
4.132513957209867916e-01
2.416117330332391566e-01
8.158592907528225968e-01
1.428639676115417201e+00
1.077210899555451018e+00
5.992502149733685002e-01
5.020356921483603019e-01
6.848803657545735613e-01
1.681619376726985138e+00
5.557060905453785615e-01
2.681338879913744422e-01
1.046537900356416584e+00
1.018335574938181054e+00
2.091160966561891599e-01
6.213874786590949384e-01
5.243823034328902732e-01
1.316792719854157079e-01
3.142832769750303346e-01
8.402938076063196648e-01
1.080154879236651322e+00
1.126964886563246004e+00
7.886986870176592168e-01
7.286227651194349120e-01
6.890984083629834167e-01
1.119860840591865747e+00
5.235995940173825414e-01
7.072891598069089847e-01
5.205377917665696685e-01
1.974318964058360271e-01
2.889837468640953366e-01
5.711919423714186816e-01
8.933466780905932048e-01
3.072782375421935774e-01
1.090687507984427373e+00
6.373633979789425918e-01
6.694219445893904163e-01
1.405607912588938913e+00
7.036289178806229838e-01
3.831472037014669874e-01
1.035573933496495957e+00
1.122547500447343971e+00
1.616182453646049844e+00
4.781663780463156765e-01
6.422136077979936353e-01
5.942957682867752167e-01
8.390046693678228085e-01
9.860165957143486315e-01
1.032565035144765497e+00
6.834602790783950166e-01
1.046678468957731034e-01
9.016000357125282250e-01
6.930310872389221499e-01
8.142330449293568861e-01
7.982524721037963511e-01
3.883727304403561398e-01
3.152375963307698647e-01
1.164170291895963327e+00
1.041811654683781896e+00
7.916008394970175388e-01
8.987873708671778594e-01
4.591677899150360953e-01
1.880016787328783856e+00
1.349582680279521441e+00
2.228606928428919498e-01
6.012226524354884472e-01
1.034461696345321258e+00
5.444290719682020052e-01
2.559317229110806280e-01
7.645289935572733286e-01
1.063677631989274008e+00
7.556089222726768417e-01
4.353769287942450550e-01
2.029288335259380738e-01
5.884980237220400756e-01
1.221207531513763128e-01
5.404608499354157658e-01
1.120370295245767034e+00
2.784484657368953009e-01
5.148722080684148272e-01
7.281845751027293812e-01
4.759241232437354530e-01
7.927863576325947514e-01
6.406564582503205818e-01
1.454224470928000557e+00
1.514172088192750065e+00
5.780609244578198691e-01
1.331134584872257332e+00
9.035096149599386450e-01
7.635271795559867014e-01
7.740516898633338638e-02
2.566589721872388208e-01
2.494607612806766239e-01
7.261264651522563174e-01
9.475412940532447204e-01
1.183311951817566099e+00
1.004938943286425745e+00
7.195173549084207254e-01
6.263299078894657423e-02
1.006213800628169341e+00
1.277586635144207505e-01
1.270610541101452995e+00
6.195679302047046866e-01
3.098575476013530339e-01
8.046416759916645844e-01
4.990734049314885512e-01
3.014233286858355454e-01
6.452995084927423131e-01
7.227554248928325098e-01
8.130180317018282921e-01
1.550838104664083561e+00
7.930866238036030635e-01
5.135519779341007895e-01
9.643199227131020734e-01
5.416764930568985781e-01
6.719887182826211891e-01
1.404384186138558199e+00
1.677534756663136839e-01
2.658669172570301553e-01
8.526071386183853296e-01
4.358192215197143060e-01
5.405344041981400283e-01
9.908289702660941778e-01
3.110512536654719273e-01
4.673900739659172521e-01
6.016894929219553934e-01
4.446191979383153359e-01
6.262903227366842795e-01
7.268233511323082263e-01
1.264099935030096766e+00
1.019563432295932826e+00
1.195310888323685372e+00
4.737522079211499149e-01
3.673935447847911928e-01
4.934836895719375560e-01
5.603885493724598543e-01
3.406383298735936593e-01
3.864942373712290657e-01
9.895689248422507855e-01
6.206760622233008506e-01
5.511981014592832739e-01
1.103043366979535422e+00
1.051255794527285570e+00
5.661774931274957678e-01
1.612684388320819728e+00
1.790126105828472869e-01
8.491875126366243975e-01
8.685666958189908193e-01
1.177843715935595670e+00
3.625597150017803583e-01
1.821369562676826981e-01
1.062094190623671164e+00
1.190217418249968517e+00
1.325767293273131031e+00
2.464694985358722445e-01
6.390632167139397302e-01
4.978831325765881721e-01
7.770892884455502525e-01
4.336978855840918912e-01
1.641514287894772384e+00
2.888370124231461333e-01
6.713052694367016571e-01
7.944548638599510104e-01
6.466179128117069963e-01
4.682265445088532041e-01
1.023123946913760962e+00
5.862405907594130799e-02
1.265029833234363910e+00
1.261168740454657433e+00
9.605809934597988597e-01
1.091840151849487128e+00
4.528003521128265429e-01
1.085216080592899202e+00
8.649031914708888991e-01
5.262778905673078933e-01
5.632487523664621021e-01
8.442411484162335444e-01
9.348199748067841375e-01
7.495345505654874563e-01
3.268950919303964531e-01
3.459486515716911903e-01
6.430580163150235729e-01
7.525666934125569973e-01
6.264386445309635398e-01
4.034913395811211556e-01
1.037511755204725272e+00
1.179806202663127745e+00
6.346330024963499072e-01
7.333785715394225413e-01
4.087085839703653023e-01
1.176590428754147766e+00
6.576706605889721668e-01
7.712473807223115818e-01
3.138055362839655138e-01
1.722149660884480626e+00
1.771523192197482222e-01
2.167112281231549087e-01
4.881082374056400774e-01
5.950219901286096791e-01
1.310409486943485136e-01
4.536692931996663125e-01
9.537680276924339617e-01
4.076768284788099828e-01
9.789104919910912583e-01
4.339059802663031706e-01
6.672970166994927066e-01
8.882539692250099872e-01
5.935775825892376512e-01
4.992585300619249988e-01
1.067740934831559629e+00
1.188025825749228770e-01
3.877712409965911045e-01
8.963693591649676273e-01
8.484057140062460922e-01
6.481814450909157976e-01
4.956358222618659770e-01
9.326569035295335652e-01
6.245514108532663755e-01
9.981849482801772311e-01
7.101557781621885557e-01
1.047851041137547352e-02
1.120393028183789719e+00
5.566420003130685412e-01
1.479764135972558570e-01
5.802683136763805427e-01
5.611233689033992000e-01
4.553746663871935940e-01
8.925985728400289698e-01
1.243370936090464784e+00
5.428792358548145680e-01
1.061384784353879285e+00
6.111791003906228426e-01
1.526812259455369025e-01
4.593459097602519692e-01
8.450693643285174250e-01
7.989977179232625737e-01
1.807284934806584198e-01
6.159833516577373214e-01
5.626235565824783125e-01
3.140618712295221715e-01
1.310453552305797187e+00
1.205399416628652132e+00
3.024424668655876225e-01
1.177651035373316057e+00
5.776349022507913933e-01
8.073385011393152677e-01
7.454553667559910002e-01
1.216731999828761346e+00
8.847466003776097709e-01
5.158792662045855737e-01
2.514025188064818450e-01
7.840154020097244159e-01
4.848155437542903123e-01
4.757842798165949350e-01
7.533694156259123087e-01
8.486213758844823873e-01
6.981885537341417924e-01
8.453690604047827684e-01
6.138936519247024659e-01
8.388864897878843818e-01
8.066040793867660375e-01
8.138414831848180819e-01
9.124035312683366206e-01
9.466461408877972772e-02
6.983683181414899188e-01
4.571682427209854960e-01
4.129467083358132617e-01
6.192071273650811003e-01
5.820503196837796267e-01
3.468577397714392441e-01
2.281935112915737252e-01
8.620581371257265424e-01
9.235352930037599162e-01
8.400501681550281985e-01
5.828264486008097878e-01
8.371804395602328031e-01
4.090529107828276278e-01
4.374614613556428444e-01
5.485886365386228869e-01
7.985859757851975216e-01
1.078982249882834088e+00
5.098813055545067252e-01
2.443187370762185118e-01
9.954405256320508766e-01
6.772279259767913784e-01
3.218623425166326490e-01
1.118295805882420169e+00
1.294427007397513929e+00
8.360706130731845320e-01
4.327557171404031733e-01
1.392896674339299257e-01
1.330905112613038455e+00
4.448858054433170173e-01
3.240413245720625279e-01
2.998135058379073903e-01
8.130275580831163307e-01
7.228513281241869537e-01
1.638198056576620765e+00
1.578870990825395948e+00
6.254718782619111961e-01
7.229020858319359366e-01
3.361522304446413201e-01
4.807424647364886283e-01
1.089890253091683636e+00
4.683781421867293515e-01
3.415881576249973905e-01
5.016454311637296160e-01
2.800547133395161481e-01
1.390636770245449405e+00
8.362015228009966883e-01
8.505771750467803205e-01
6.737339420192825501e-02
8.259778636419394804e-01
1.139740990280890376e+00
6.376665940214383266e-01
8.582806144214174537e-01
1.424816282416799584e+00
2.761742015810298989e-01
3.147552929047502945e-01
8.065308208697336001e-01
3.101722109454840837e-01
3.673583974827624443e-01
7.690841637996245206e-01
3.466972832746796906e-01
2.005313671957625332e-01
8.867104952902993276e-01
3.933650014381267490e-01
4.556577274003871247e-01
1.894620700889925458e-01
9.539912855272052461e-01
1.059151433191685143e+00
3.031250068305609280e-01
3.792949896498792328e-01
7.282110801162811065e-01
1.355785187107985124e+00
1.078342633935252870e+00
9.594024427578714542e-01
2.213078649248644281e-01
1.031813298422120884e+00
1.258224067808143776e+00
4.677640818572558756e-01
6.433580643511448427e-01
1.132700988351523774e+00
3.215332600166286303e-01
1.063353227085183539e+00
3.817647741350243540e-01
7.938703738091086315e-01
6.560441086853496806e-01
3.734425674233939341e-01
7.175573639840837625e-01
8.286804766882487350e-01
1.106389120139929627e+00
1.245750528147685277e+00
2.989719848094583576e-01
1.332014976380161864e+00
1.261161983851525781e+00
1.164326200571179859e+00
3.648656286046197961e-01
2.675756702766187711e-01
2.552286593029394757e-01
7.073179152758178878e-01
4.146853360670611499e-01
3.921923512289271496e-01
7.070705665038503618e-01
7.297047401095144714e-01
1.907958561444531298e-01
2.465775804150845962e-01
6.047609644577272014e-01
9.951657122744719253e-01
7.962459581283720667e-01
5.039150163613015376e-01
7.783724145962370722e-01
7.195376881623040122e-01
7.718929794793201182e-01
1.319083122502677563e+00
7.146083912420386763e-01
8.793414299037659587e-01
1.564092578021751001e-01
7.314297744538820201e-01
2.708098628166629718e-01
6.489587039897429799e-01
2.849544444785320207e-01
5.701461211463029199e-01
3.839236933287452636e-01
1.739846767212875345e-01
3.218004983358791482e-01
4.000217650401979297e-01
4.438651249327877357e-01
7.344855973106001468e-01
3.851314035607551478e-01
1.097387607102791929e+00
5.620869789486429013e-01
2.022808911866102177e-01
7.832171429862549994e-01
6.229308162172769725e-01
8.425689741638420216e-01
7.747971916562249595e-01
2.075396000587633738e-01
6.356595400356305214e-01
4.937667871962008181e-01
5.526014376370671499e-01
8.948434052784263182e-01
7.528394370020425885e-01
2.100068544221771194e-01
1.287088416448414652e+00
5.336734835262174625e-01
7.736078998783763039e-02
5.178879817402569641e-01
1.327352655194881548e+00
6.566498127716366984e-01
2.005564380159645943e-01
8.557512713126416148e-01
8.163415754198710683e-01
8.053268327176297259e-01
1.050440906347638981e+00
2.019968565363283286e+00
1.250792046695610837e+00
8.293407604354422480e-01
2.489602724431693170e-01
8.013657990192724068e-01
5.498636620996915081e-01
9.286238191095046446e-01
2.888681210792153342e-01
6.016137667368833819e-01
1.413692487571306833e+00
7.248610251383853509e-01
5.179998703459547382e-01
5.517949398808063011e-01
1.177458279082139070e+00
1.963294397580410966e-01
3.987408632360349148e-01
2.938619444413223536e-01
9.255340380801588274e-02
7.229746102965632637e-02
9.251659741522160196e-01
1.841138953395464739e-01
1.033936230795285738e+00
1.503869797140472142e-01
4.462186452904364220e-01
6.396122050248955748e-01
6.731629276326206446e-01
8.486797532325747184e-01
6.296192446676210919e-01
1.862033534870856932e-01
8.461909984112541139e-01
9.215444590149397541e-01
4.946650297611098757e-01
7.859573262131194227e-01
6.272560458920254378e-01
3.324025677117043442e-01
7.400934893856978558e-01
8.263156058135110449e-01
7.930893989927038090e-01
9.000518654793137063e-01
6.108954012816220080e-01
8.388212599381204004e-01
9.641623750536724158e-01
9.199928349360922963e-01
4.826090843082192494e-01
7.680090336718071731e-01
5.117099260396038574e-01
1.195655404508866981e+00
7.364647886357678086e-01
8.172282474827776699e-01
1.318568699998086791e+00
7.587218556757373555e-01
1.021719223587244985e+00
6.673802665067838369e-01
5.802638809084201821e-01
1.216009778045446410e+00
1.167010325317127339e+00
5.303448049253890462e-01
7.925112923914792162e-01
4.081218369368607712e-01
4.209653005696680772e-01
7.321418790449546465e-02
5.867168925092880460e-01
6.143036274058981672e-01
1.015871732630775792e+00
7.900690199483761944e-01
3.739664868398796527e-01
3.647933294394321013e-01
3.995025579152515216e-01
1.098535687970761066e+00
1.405635131444409880e-01
1.709107231317209541e-01
4.318460738963869061e-01
2.560826054560604859e-01
6.696749274524144147e-01
8.335563781382983040e-01
6.418223314059384732e-01
3.025102196307606350e-01
8.481193920548655285e-01
9.499762047495968753e-01
5.749352776466974957e-01
6.022397480493719701e-01
7.194410264025752344e-01
4.776876293803987705e-01
1.356818545211302629e+00
5.711215032778675926e-01
2.877441201657289227e-01
9.174580709579626125e-01
1.046147129456967084e+00
8.825837437371297778e-01
9.688771680244315787e-01
7.698247836936936705e-01
1.505846701551782019e+00
7.913797663910879798e-01
3.262485701073559174e-01
7.561315378177999591e-01
6.622141878904717061e-01
2.843863008896588274e-01
1.395155011503810938e+00
6.833791655944052579e-01
7.868016751990487556e-01
2.069597180773115330e-01
8.112765922271589769e-01
5.370382255230541357e-01
4.603919528553553353e-01
1.126065072576688308e+00
2.355663216173748131e-01
7.409489365292928342e-01
9.537330381942800139e-01
1.065473879949558889e+00
8.937592263398784764e-01
2.669503936245239961e-01
7.049422008236719828e-01
1.278482952277296691e+00
7.856634274726888023e-01
1.282782999854972239e+00
6.174254388060542720e-01
1.179019513146649933e-01
5.737994476560115409e-01
9.355523627018590416e-01
1.697941368493892100e-01
6.643204422355005745e-01
9.228469033104010899e-01
9.602070725803847351e-01
8.596033468841263181e-01
1.141966147342372784e+00
1.304571753873227657e-01
5.181685579819369503e-01
6.927143177683716679e-01
9.091018570374932439e-01
3.683828172950544544e-01
7.798683153247651934e-01
1.231613285696924187e+00
1.099421985952089953e+00
4.474185158315089339e-01
4.787336559881574249e-01
3.387342727481466031e-01
1.302339633613575076e-01
6.923177365056476518e-01
6.176963998634750208e-01
4.283995739514445678e-01
2.958980748404150818e-01
1.248368906024007963e+00
1.592809113400331711e+00
9.433783122554654232e-01
8.787163449527386760e-02
1.987440054659733168e-01
1.025617298482322193e+00
3.587309620213949835e-01
1.181775576606928446e+00
8.139259997479091346e-01
3.945810863999414941e-01
1.387191663713065681e+00
9.314020243904623797e-01
2.934700114192026477e-01
8.473190679368541867e-01
6.428955982575943473e-01
1.115466424928670541e+00
4.070584877450443284e-01
2.789072319702584624e-01
1.298357715588683403e+00
4.374529648933531134e-01
6.078089126985994906e-01
3.209857956343376562e-01
4.799845198155813231e-01
3.471276772767756813e-01
2.425988065258402049e-01
9.168935754792470472e-02
1.050956727150467618e+00
3.277282109304180402e-01
7.298420988423388600e-01
6.200273944890215549e-01
6.949246714975929606e-01
1.043905168936176686e+00
4.902002378213682343e-01
3.454993764272740187e-01
6.925013833910708128e-01
5.220001349886319586e-01
7.679725326898677595e-01
5.091853110919274394e-01
5.147687798648169499e-01
4.951704703414580577e-01
3.122680091609544850e-01
1.158685083320679876e+00
2.440028173616572704e-01
1.477862848002099438e+00
4.358878507211187969e-01
9.239614358324144128e-01
5.896295107906892596e-01
9.284944231570785300e-01
4.575090568783702349e-01
4.609584849572893051e-01
7.776860402313509057e-01
5.252689297265545898e-01
1.118678785601847636e+00
5.720086379315622027e-01
4.297888663986795810e-01
1.208385542514199607e+00
1.847404414626978575e+00
1.089219552101103661e+00
8.536051800602003636e-01
5.518098742995266592e-01
6.559541323749233932e-01
6.205552843761440451e-01
1.386309413793676892e+00
1.210941477634138286e+00
5.844452773658576072e-01
1.224807631779125661e+00
6.445628373055960481e-01
4.805735384056096238e-01
4.146295427981078752e-01
6.919303640858388560e-01
4.611251880248498081e-01
1.126281538711157548e+00
8.446118136923895792e-01
6.378626631032741079e-01
7.313672520139756772e-01
1.704839998477975183e+00
1.314284475634823202e-01
4.069463104358918004e-01
4.318956616540715610e-01
9.373778945718324040e-01
6.828061471618398492e-01
1.373307678172294821e+00
5.267551455891009704e-01
1.713842391672738552e-01
3.769908096699413624e-01
3.227397177680639273e-01
8.317997910905108316e-01
3.908005443678002622e-01
3.800353035354719355e-01
5.017624515817731279e-01
7.290549478796429783e-01
5.708278538564884874e-01
7.848576925947039484e-01
8.278783285678120718e-01
2.180011523241017768e-01
2.685145934615410512e-01
7.490034870421763413e-01
4.397689937116529002e-01
8.807312320737129552e-01
9.733391702811133861e-01
1.962042239508553498e-01
2.044705843050098615e-01
5.832120788376464748e-01
6.329632919983350092e-01
5.596114653163640762e-01
1.393506917600545014e+00
8.433510277148500434e-01
5.017194660947013052e-01
1.263110635958513139e+00
4.267938360130729136e-01
5.894793610620958635e-01
5.116558550274706851e-01
5.802035962055371865e-01
1.506041867891900754e+00
5.031350444747886286e-01
9.804931960602842889e-01
8.320843825982028319e-01
3.118135889387795290e-01
9.280132411605351850e-01
6.526058402804828518e-01
8.695203400549740280e-01
2.406231577249207110e-01
1.784660669466006100e-01
3.659327620082575283e-01
6.123607793754057838e-01
1.685261953745077479e+00
4.816330158019896390e-01
1.295123447335745803e+00
3.413372800205760615e-01
3.217248615140751999e-01
1.258012771461877843e+00
8.631574905372616513e-01
3.746221262271581254e-01
1.191166913643963321e+00
3.841015052788313566e-01
9.937977503784073408e-01
1.327559119613283545e-01
4.920715161511851621e-01
4.924415781699968409e-01
6.476259134625552694e-01
1.008043170436874858e+00
1.571492623868360750e-01
7.999627158192081922e-01
5.393063602903376275e-01
4.028579509679575676e-01
4.836503464868049385e-01
7.739155214036927966e-01
4.290771220444745682e-01
7.473999786378914267e-01
1.006078026684215532e+00
1.598878924683064584e+00
7.411607035955563028e-01
6.254761173536659280e-01
8.679964269920602549e-01
7.253746369060023458e-01
1.839208946676029466e-01
8.002558416321999823e-01
7.992593888017421877e-01
2.328064189396475692e-01
7.320972862425547678e-01
5.658814332096262500e-01
8.327394326172172789e-01
5.530923920320024445e-01
1.236659945037089203e+00
4.654266858285283082e-01
4.636507496375973369e-01
1.265610738405666735e+00
2.853666717245536555e-01
8.383285802459387037e-01
1.248994380324917275e+00
7.471023650767733004e-01
7.461216797846860205e-01
7.860303112646002122e-01
4.260371861894603485e-01
1.120448776816768799e+00
8.979536884664096608e-01
1.127029042516813462e+00
1.081241104485749061e+00
3.231676411023932105e-01
4.915493048806744425e-01
8.448400240388935778e-01
5.505315161123899292e-01
7.301445952864548117e-01
9.689166774224229339e-01
5.034651326352032052e-01
6.795196721766512127e-01
1.455115708038577704e+00
5.802235295718598529e-01
7.589882627682561500e-01
5.299006604044173008e-01
3.647072499111144173e-01
8.000050256777899715e-01
4.386371010089645250e-01
1.274141511096741342e+00
3.966061767316537701e-01
3.726542265606189730e-01
6.105092405796163080e-01
1.039851303881638822e+00
8.069520342678873082e-01
3.831851696863167733e-01
6.127042052465047073e-01
8.515597454309058456e-01
1.569918749378493406e+00
1.773135306251485410e-01
5.252543483394743751e-01
1.291952622335001966e-01
4.173690303470681262e-01
7.541948075872665358e-01
6.745909908742923067e-01
1.051998237990716234e+00
8.415384742126679196e-01
1.257532625583288821e+00
5.797835321174352741e-01
4.784029479460919498e-01
1.198374169779526488e+00
1.154002316952171370e+00
6.075721372543599896e-01
7.395978892731505105e-01
4.254173584470546388e-01
3.044684521796920396e-01
6.166757834807223837e-01
1.212773716183744854e+00
6.019934580559996862e-01
3.632742075612518939e-01
7.797331070560116206e-01
4.567393007959482110e-01
2.378840849226595000e-01
3.561951589143573793e-01
5.430009822871327829e-01
1.637897649329125960e+00
9.780424210209723856e-01
2.129150232203302351e-01
5.192771023904489969e-01
8.575363844726140161e-02
1.042884360760490736e+00
8.994650908909865850e-01
6.032338473800956391e-02
1.053316539155335851e+00
4.891443370572856053e-01
3.273041385290261229e-01
7.756942518704056377e-01
3.236435150879574674e-01
5.934746704806670436e-01
8.213892524714694332e-01
4.518705608574963839e-01
1.822951067042894724e-01
6.245235040749340660e-01
1.486149090375507853e-01
4.913176330804670117e-02
2.611490412409281370e-01
3.068070386694742857e-01
7.349834138902970881e-01
7.309389987579419934e-01
5.722657323021117515e-01
9.145427666718716209e-01
8.677335977618465535e-01
2.955610065645668527e-01
6.986303723922382414e-01
1.180646272965545363e+00
1.057286059018848867e+00
1.415264379398672445e-01
6.165864566674670311e-01
1.383292636519270369e+00
8.774136789301105743e-01
5.548438707601157649e-01
4.008718208332475164e-01
3.507434593069334028e-01
6.572291195842013822e-01
2.740389767588565229e-01
5.535590373212868620e-01
1.265855490217630219e+00
8.993381578652422936e-01
4.820522187939264014e-01
9.500837825425965111e-01
6.906341930338613100e-01
2.870676538437358372e-01
2.770512531159417535e-01
2.643425783983258115e-01
7.365519037364981481e-01
6.819937666698483447e-01
1.088011198872076202e+00
1.090208835197006731e+00
4.455783533210997960e-01
1.996704560392218997e-01
9.937722322842132971e-01
1.753036400241183346e+00
1.584725999971592358e-01
9.068929420664169072e-01
4.375567237767103435e-01
5.730890414701071967e-01
6.284095116098415978e-01
8.588513285896920424e-01
5.910721939044002449e-01
9.222907175443506578e-01
8.204383215250392603e-01
4.692241505144578162e-01
6.290507470883546226e-01
3.505385045980359826e-01
1.048071932519318405e+00
4.212258606961399310e-01
7.370109094545639339e-01
8.866483796252326854e-01
8.000886137705803813e-01
1.851768864890049882e-01
1.436722403895864586e+00
7.004964654728415008e-01
5.549023537226995817e-01
9.207463543597009803e-01
8.914798195222889410e-01
1.212951252716503447e-01
4.820145127189404133e-01
4.494384096790101646e-01
1.416100225250795708e+00
8.291985975586774194e-01
4.069506802824211511e-01
1.272948060616687360e-01
1.879205714247442760e-01
9.365361066879296370e-01
3.422893968580206225e-01
2.213188667905131579e-01
5.799753375065255234e-01
4.336291907646153687e-01
1.139270375169159966e+00
4.127779339714706119e-01
8.699830268952335466e-01
1.593958768421409322e-01
6.809626725636216404e-01
1.200373014625861989e+00
1.096924102139468227e+00
4.940350544707484970e-02
1.285653907335138735e+00
1.085020293742278596e+00
5.163474526743763171e-01
4.890561907642275163e-01
4.487011544326531820e-01
1.507389087554650509e+00
9.858387549110234627e-01
6.304679200954895757e-01
5.566437861621040817e-01
9.701808706002864602e-01
2.890744022543240699e-01
6.116707918870203375e-01
3.104997323628777006e-01
1.082430964233858983e+00
4.778289881122542715e-01
6.204692839160821372e-01
3.264369191517646485e-01
6.843561154205068942e-01
3.825547721814379631e-01
3.702512125571696400e-01
8.796116227178155667e-01
3.629007197958363240e-01
3.402326637577223756e-01
2.496574307710983653e-01
1.818943561821161792e+00
9.572774216812390824e-01
9.252130888351008942e-01
9.668130944379592639e-01
2.742353751927323890e-01
5.431889328013612683e-01
1.041216552058233380e-01
8.098480011176768523e-01
9.512349773824793631e-02
7.627527672372392820e-01
5.209979938209450268e-01
1.035167496009625099e+00
1.072195309498821025e+00
4.520201774306875642e-01
2.440222464428397631e-01
5.845919948956520562e-01
9.120839478656700416e-01
5.636472282425114555e-01
1.528315881180009050e+00
5.403810210466867270e-01
9.600940579284976684e-01
1.081649907354764073e+00
5.119567030849356826e-01
9.741479051334529515e-01
5.932779130145060531e-01
1.134907811150287715e+00
9.566536355142321035e-01
9.104370211039771732e-01
2.099823202159591506e+00
8.058909299311458607e-01
5.187570630014111117e-01
9.837948441959225299e-02
3.562458830951783506e-01
7.896891597453046252e-01
8.087835746470004028e-02
3.739434865006223685e-01
8.075188321777236888e-01
2.631734602478512652e-01
9.188814921266615920e-01
3.388279117087470427e-01
6.158768721531523438e-01
7.834063853635055974e-01
4.489464862221281827e-01
9.646570795415502220e-01
5.738965099083235266e-01
6.111669186819091992e-01
4.145138189786666261e-01
6.482260799972952015e-01
1.083878422607796432e+00
7.066688901656785760e-01
4.001498329579606938e-01
3.046238404792329657e-01
9.054236866337586065e-01
5.679032836767361481e-01
5.583525138268776722e-01
8.497105996237257486e-01
1.128051353738659168e+00
9.548157928193758970e-01
3.941179679293904670e-01
3.215171892639220319e-01
8.556292249493159252e-01
9.452943600279347658e-01
9.267378735066844619e-01
6.380887046096173076e-01
7.817551582903613516e-01
9.442983559911234392e-01
2.576500276342243989e-01
4.885397574797297748e-01
1.142449340555084625e+00
4.205539405307268663e-01
3.997092037536655318e-01
