1.011491273030697080e+00
9.546748216858006453e-01
3.402232150518297304e-01
7.671632819258825675e-01
3.939692192613645005e+00
9.243669842561008654e-01
1.762991901342588319e+00
9.700246775662426657e-01
3.855331485140893188e-01
1.553136779786900012e+00
1.562860161760251110e+00
2.961652053223720493e+00
1.098734942306304863e+00
1.529515725694333916e+00
1.435524986208027265e+00
8.512637405826437575e-01
7.740413419159087871e-01
2.128324119550853766e+00
6.076949498913006842e-01
1.297881519855151433e+00
8.820695939697949239e-02
2.972557108794410929e+00
6.183621456977358433e-01
1.963596327828546428e+00
1.023941479299759649e+00
1.977578367381142899e+00
3.560089775888048536e+00
9.038383975363032397e-01
1.271885207483698599e+00
8.866618361000530024e-01
1.080002567894535609e-01
8.601778500847874209e-01
3.690405016314527220e+00
1.968148463791556724e+00
6.597794916762723672e-01
2.114363936271442146e+00
1.636046165222128090e+00
1.617062292192294581e+00
1.542515607409270073e+00
4.527410525685680864e-02
1.701835520866438856e+00
1.972741029083161957e+00
1.377059911479973753e+00
6.936445481519509793e-01
9.258469885754512241e-01
1.117032034744132263e+00
8.933962190853823593e-01
1.691511493954003464e+00
5.047029253202250931e-01
5.996270400208881801e-01
2.162913872489277356e+00
9.274047284373952982e-01
1.465800094643359364e+00
1.607325893239754055e+00
4.459838305934349934e-01
1.267391621679933023e+00
2.270589640557635125e+00
1.640959177126674939e+00
3.391422511048594046e+00
9.939330534297761144e-01
5.620887344192463386e-01
1.903756103816486300e+00
1.760973896404254724e+00
1.524924632239793354e+00
3.693742739174629808e+00
2.445844039415074445e+00
1.366186872307819433e+00
1.949483327306366531e+00
6.774052498327429728e-01
1.808854488986811448e+00
7.132857417247546739e-01
6.939634257375933979e-01
2.988353688952513632e-01
1.548893801271752801e+00
1.253207001955157107e+00
2.290657910174749734e+00
1.673001315587736348e+00
1.399981104615638738e+00
1.665714381822094081e+00
3.181359622060677683e+00
2.657964524820795038e+00
1.221515918050857019e+00
5.552230002253367713e-01
1.120598244654241293e+00
1.186276252269620413e+00
6.284855899085061148e-01
1.887007493299364791e+00
1.397537840368145101e+00
1.257858337769266255e+00
1.869978434285096025e+00
1.203529496390325360e+00
7.822875801435782428e-01
2.572510333450376496e+00
4.349157515455251422e-01
9.379048975623023310e-01
7.077927083785694462e-01
1.418558574542222228e+00
2.362552738299261268e+00
1.151609276969360218e+00
5.677558499634296485e-01
9.571503818216726689e-01
2.363431499764002020e+00
1.624966227877959468e-01
1.751119213267118058e+00
1.211185843546587870e+00
1.701729779563613265e+00
1.087308621424978305e+00
1.116978717012915068e+00
1.049449880745273900e+00
2.433722972204787283e+00
4.878760179077084591e-01
2.359004125133481011e+00
1.845420809943735030e+00
1.698524087505368874e+00
1.305599570862078673e+00
1.885535381491333817e+00
7.011395293334445888e-01
7.563445386788325564e-01
2.564842950238015895e+00
4.900860126530800498e-01
1.593159844286553106e+00
3.114858310136105146e+00
1.358666493657423535e+00
1.787561623225318197e+00
1.151170212755997069e+00
1.041704939039995947e+00
5.651791613529522085e-01
1.542882725704377123e+00
1.484624171195374487e+00
1.608639009983511725e+00
1.468524454290016212e+00
3.106519034356927111e+00
8.217823040529168011e-02
1.560638126886677135e+00
1.584984017545076229e+00
1.030391452242126693e+00
1.238007688517007487e+00
1.583718943255731260e+00
1.273579704210005437e+00
1.001671620506644711e+00
6.715478911335798218e-01
1.543773141582098551e+00
2.043041245935978356e+00
2.828956676657462754e+00
2.423578797153731923e+00
1.161433411745256050e+00
8.984176252284088449e-01
1.098821073063000808e+00
9.580330504425735860e-01
1.509415371128126182e+00
1.609293928561374099e+00
2.077921477850719345e+00
6.809822361662327683e-01
2.885617290306122795e-01
1.109821199140483605e+00
2.101002115709722062e+00
2.071905040784186802e+00
1.064277130790832082e+00
7.685174987761174137e-01
1.006317867884501727e+00
2.426499875293410380e+00
1.123162040201740597e+00
2.233300518605279006e+00
1.318719021379802125e+00
1.839060689549712579e+00
1.783983194978207676e+00
1.026823332021059354e+00
2.750102137348446441e+00
5.602293768868382706e-01
2.402969005197420405e+00
9.711562943231476508e-01
1.715852574763583993e+00
6.079920555646937119e-01
7.602095991010202614e-01
5.649958672832382511e-01
2.422071755814980243e+00
2.176502549797921127e+00
1.771952366591189154e+00
1.448715292089051587e+00
2.699116788172632120e+00
1.119212510418331058e-01
1.728602221882533430e+00
3.030306946083440867e+00
2.063251649694303858e+00
9.927839459932034094e-01
1.569749647460828346e+00
1.104190796973420152e+00
1.224854250850164972e+00
2.295595704566398165e+00
5.501122768008089858e-01
1.159747626460195358e+00
1.568215118573989431e+00
1.336386214563859198e+00
1.267826611952969640e-01
1.940438309039979048e+00
7.729432080899666380e-01
1.282241038709971637e+00
1.563731336985944242e+00
1.261541477195714300e+00
8.134338871126314263e-01
2.871309957227361487e+00
9.100364255748796816e-02
3.524919748726247359e-01
7.447647185987853469e-01
5.551761178001716202e-01
2.551418520795995626e+00
1.517031097605197942e+00
1.453835687548467703e+00
6.563133414985345970e-01
1.685588421600394238e+00
1.080699614864636837e+00
2.022134602565343275e+00
3.662409490426957182e-02
8.487649260892190517e-01
1.161933469629080173e+00
1.117870736622899264e+00
1.823079415014673188e+00
7.774296248044578750e-01
6.533864888947527039e-01
1.614727751964480928e+00
6.078244409826859540e-01
2.292746422275658169e+00
2.739980177029077701e+00
1.780411785492497012e+00
3.683014852636316006e-01
1.342632709309998784e+00
9.518185363778309815e-01
1.089241959922753411e+00
2.024940552689129536e+00
3.816625187666725427e+00
2.023912759938448325e+00
2.599576548529546560e+00
1.021050242184300405e+00
1.273975525838147771e+00
9.262497972305729910e-01
5.770401357043968282e-01
1.146577535798113168e+00
1.231090486352083291e+00
1.351175285114980751e+00
1.821847971849648973e+00
1.890743749923452732e+00
1.051473194760529140e+00
8.802697765657595541e-01
8.729592395446102993e-01
1.583781652920857486e+00
2.633359301841587286e+00
6.406769948566763961e-01
2.781689260270181485e-01
2.591267003339698949e-01
2.921938725596412989e-01
1.458022889123193666e+00
4.495541017025638242e-01
2.113714512036152904e+00
2.409234480412209223e+00
7.555841760191024381e-01
1.648700538299946450e+00
2.143486703605916865e+00
1.497197582199503829e+00
2.426147400959151046e+00
9.101236506447841768e-01
1.696639798661714327e+00
2.329898321981111131e+00
2.065120813383825471e+00
4.092229354360836791e-01
1.250394510698489725e+00
5.984358336442748838e-01
3.304006967066833167e-01
1.912201097008789485e+00
1.279556358906482449e+00
8.424506295201307227e-01
3.610275888840280611e+00
6.548755369961249961e-01
1.521363279626545495e+00
5.607472439915855977e-01
1.714044504707720629e+00
1.979453096741899731e+00
1.998783099047696687e+00
4.819091563034137993e-01
1.618853027421492508e+00
2.478910837700151859e+00
1.253621310071224793e+00
1.236073536402626960e+00
2.016895903157772008e+00
2.627824348623769013e-01
1.329264041992951340e+00
1.048862852392317802e+00
1.313106824011603280e+00
1.007530495673210735e+00
1.170368147277267568e+00
2.607571482380635963e+00
1.892910621871707777e+00
6.245493016672645226e-01
2.452552562922006296e-01
2.832497973466036600e-01
1.421119949074539868e+00
1.391687985117974202e+00
1.324326091846649289e+00
4.613685395808069800e-01
6.057458927942318549e-01
1.354863259924105501e+00
1.161765793510736833e+00
1.145761445303750126e+00
9.298263951106170433e-01
3.009625531044080482e+00
3.405461188573410958e+00
1.751651554474991990e+00
1.597806382971450612e+00
1.955342148610079045e+00
3.515469742653608565e-01
2.258109137930053745e+00
2.147892566530795744e+00
1.581385466717966537e+00
2.330516312110102184e-01
8.533526486211492346e-01
1.563584838878789851e+00
1.636448679513563986e+00
1.479555596161161057e+00
5.663481600684914241e-01
8.921606415630470854e-01
2.738967142146763845e+00
9.631765204030798833e-01
3.138536429758157498e-01
1.469125978557207057e+00
1.241770479028248664e+00
1.952639289849736448e+00
4.703274792884603595e-01
2.490361497542360691e+00
1.883470989391883732e+00
8.460524523861189250e-01
1.648930994818956997e+00
5.523145109974807454e-01
2.152324758258091109e+00
1.020548508034594626e+00
8.137250831320467226e-01
8.335540714098236270e-01
3.153590461604513173e+00
1.212758041444302659e+00
2.354515544395558990e+00
1.616151351880884990e+00
1.112622320612001614e+00
7.364951595467802425e-01
2.783774155472864553e+00
1.049081645612266245e+00
1.208461826921656046e+00
2.309330553677824138e+00
1.394973624544648461e+00
1.602738326459983265e+00
9.154081287211759399e-01
8.459418434080864246e-01
1.763682285582558906e+00
5.294555865435961461e-01
6.960857688141571797e-01
3.995052746941135102e-01
1.069336785281433277e+00
1.728993193176487697e+00
5.782421850220910153e-01
3.217381711815389345e+00
8.124165223706103500e-01
2.099932046153610177e+00
9.126722794337689404e-01
2.778593513487107369e+00
1.007267702902838069e+00
8.384619345634094500e-01
1.432888640971159644e+00
1.425674767521636799e+00
6.759882802063725826e-01
9.586193701223564290e-01
1.827691000503974372e+00
7.511992504480264898e-01
1.445118543170780256e+00
1.567409140286764258e+00
1.302861122172817909e+00
3.169409581476734683e+00
4.811655701666388008e-01
2.502737348046006893e+00
2.415416122694873380e+00
1.365145594559478370e+00
1.300764087102145083e+00
2.413634466830670178e+00
2.375509321591147138e+00
1.046146401666820047e+00
1.470563525405949035e+00
3.625473697030079934e-01
1.143088749573950347e+00
8.238284520241105913e-01
7.368873738816191787e-01
1.873408056911718966e-01
1.165107302055848892e+00
1.108468911988304662e+00
2.754291711719596414e-01
7.316874465925894411e-01
2.372620739128921130e+00
1.609922241127198062e+00
1.551393501583239631e+00
2.971516845132489704e-01
1.418717608675071018e+00
8.257144598224882559e-01
1.610992364195216631e+00
1.188336567898897966e+00
1.848024982907581437e+00
1.836233427409461383e+00
1.954846239513579498e+00
1.510159465836368176e+00
2.106788735648995381e+00
1.087947230434430423e+00
5.165821821293358207e-01
1.308355708210833468e+00
1.676222431671031021e+00
6.771981675069409512e-01
1.036945441567861392e+00
3.703960667595775469e+00
1.514796179354912953e+00
2.759840467048632728e+00
6.808711140585012034e-01
2.146062574321657923e+00
6.288884426058172217e-01
1.147252332333605018e+00
2.089424769085794331e+00
9.043962842867880880e-01
1.050326165126330036e+00
1.008612072913330771e+00
4.857960350713594888e-01
1.090456526161826201e+00
1.771299338721771255e+00
9.756566417693620652e-01
1.487803080672495337e+00
1.275512014866245547e+00
8.406726073578949521e-01
1.362417655731686272e+00
3.460157170162793783e+00
1.860298178188825036e+00
1.422978363999152673e+00
1.621611921643853815e+00
2.767618347636444209e+00
1.893088184187244893e+00
8.145436710266852343e-01
1.515173722051720517e+00
1.585442945756654787e+00
1.522063179760691831e+00
2.390425638404426678e+00
1.634067014600265821e+00
1.222847182363707041e+00
7.492997811337444025e-01
4.482069504009381644e-01
4.318171310398414842e-01
1.510649776519527698e+00
1.925397610170396234e+00
2.592541258033377538e+00
3.503119606476400527e+00
1.983263988592228744e+00
2.651497198227040997e+00
1.908637234009667782e+00
6.019772057757293293e-01
1.260299688891147074e+00
1.155428727378092768e+00
5.748408507953559621e-01
3.042856013300368812e+00
2.940343541622169599e-01
2.061732673906053304e+00
1.825409851400695560e+00
1.081396647290253643e+00
1.586973045839835228e+00
1.127366129226176739e+00
7.684101896720844094e-01
1.630075153888966621e+00
4.275817980943869556e-01
2.533907361925146429e+00
1.851085450020046319e-01
1.258020358924025306e+00
1.811093626909874077e+00
1.361453994551993452e+00
1.569009534724304267e+00
1.703899139851061451e+00
3.961584760264274530e-01
2.181822643384050409e+00
9.412224247118943232e-01
1.128734097119808100e+00
1.629980453921133332e+00
2.205260331430494603e+00
4.179550839460615674e-01
4.164652488637232697e-01
2.607582308344735367e+00
1.188799399467668882e+00
1.820282762512773544e+00
1.332346551393867928e+00
1.476884989115583968e+00
5.867512305045813337e-01
1.494888294714902699e+00
1.425669168443042922e+00
7.713813383371386223e-01
2.225739947724949985e+00
2.324565893165487507e-01
1.056277231922698956e+00
2.612705194025398137e-01
5.791037352888082079e-01
6.795321310160596928e-01
1.522258328887108547e+00
1.505134272645733517e+00
1.556045213691914730e+00
1.368728649977244860e+00
1.047002563496609140e+00
3.414053472333170580e-01
2.176470233895256179e+00
1.009978433922874563e+00
1.287438908034969964e+00
8.312251971913642290e-01
3.070066691953591276e-01
1.866448621683175713e+00
6.758621009636420762e-01
1.692191720118733089e+00
4.857140051736117958e-01
1.928254999439046991e+00
1.896283754309720626e+00
2.651038558920297383e+00
2.252266438485945321e-01
1.261823040180246380e+00
9.369227029199487244e-01
5.281088627588316209e-01
1.801918182270340285e+00
3.041748737555056259e+00
9.094942815187634366e-01
1.380832861710148851e+00
1.494687117538716192e+00
1.102384253511849543e+00
1.538281106790428066e+00
2.736907224192999699e+00
2.261942513206864014e+00
1.466559553338014021e+00
4.994074408194670300e-01
2.871435632876301991e+00
1.225847489202374296e+00
3.157003594994046924e+00
2.472230897970089991e+00
1.360178086648200058e+00
1.865223338572564948e+00
2.676747449164966763e+00
7.523100878255061241e-01
1.699770871748947698e+00
1.051362743022722368e+00
2.001177527187918415e+00
2.867722532432984028e+00
1.608159440610484214e+00
2.008983273667913405e+00
1.425241054653290762e+00
1.683479064146956361e+00
3.332369678316797756e+00
1.561568209177925715e+00
1.445412751779176164e+00
2.488669155518139497e+00
9.993308428920635311e-01
3.279964750734425394e+00
7.851108146442833391e-01
1.419247010415066068e+00
9.254486174715740310e-01
3.725718800956702714e-01
1.404135056714564733e+00
3.906920428441617577e-01
9.661660783746717218e-01
1.417652822349593222e+00
1.232116858004416837e+00
2.236150919876706666e+00
1.217216694412408096e+00
1.169220191132290365e+00
2.702846094624635764e+00
1.791806610525597421e+00
1.965445213454824591e+00
1.617353008596266850e+00
2.551022343041525087e+00
1.202600705682967286e+00
1.558431728598397958e+00
1.783151513206783223e+00
2.379364504394308799e+00
2.355258918137894675e+00
1.234644528754728299e+00
2.366607881099689781e+00
2.169874174925519927e+00
9.825229640711461432e-01
6.345118907792945961e-01
6.982387855754972339e-01
8.735011787391048221e-01
1.257426607212627223e+00
7.821344759966010196e-01
1.222933221548167415e+00
7.966059752845667807e-01
8.474240747863389656e-01
4.039393391739670158e-01
1.422493069141794075e+00
8.804430458200810383e-01
1.719357539705846927e+00
1.266275852166054205e+00
3.189366558085185321e+00
7.141178109865836676e-01
2.956745933097415513e+00
2.157654074689171253e+00
6.750736886833696992e-01
1.251688987993871072e+00
2.216276378566343741e+00
6.342784832305993215e-01
6.353630766012425823e-01
3.874673666991850229e+00
1.032945800820232796e+00
2.663214754179553667e-01
1.196839889415234559e+00
1.243667094619938407e+00
1.691209172983091147e+00
9.193101013018051271e-01
1.582124271410717542e+00
4.940583505667062170e-02
1.879953473019995380e+00
1.152282983692629825e+00
2.760819247508634611e+00
1.961227000500343820e+00
3.736417236725578239e-01
2.182683221829457398e+00
1.940036739780353736e+00
1.618844314350799340e+00
8.563785850779275233e-01
2.363306213994396110e+00
6.048523371554975769e-01
3.098533926362629476e+00
4.036806191442826597e-01
6.668367227084881499e-01
2.796689440965524742e+00
7.629802798078504367e-01
1.587269644832420612e+00
2.343710004313309891e+00
1.160792874725887769e+00
9.853071871490307609e-01
2.052762412950940973e+00
1.602159421325779043e+00
1.536031459862828186e+00
6.526133092469311725e-01
1.636510158744192367e+00
8.027286472430004982e-02
1.332242530735420205e+00
1.862252862052980573e+00
2.110120552132175864e-01
1.844961067182805947e-01
1.297859488554519825e+00
2.279995900893921679e+00
1.411533737400138433e+00
1.747418063457803372e+00
1.879355521664177076e+00
1.126997815535264458e+00
1.370552308455047275e+00
1.651916659069522897e+00
1.359016154345805472e+00
1.634152542093547211e+00
1.353750953074382535e+00
1.772722163789025140e+00
1.984031026224896577e+00
2.712635245889366775e+00
1.631880768072560661e+00
1.681957801602818048e+00
1.808705302084361088e+00
9.027676469254749536e-01
1.387591747657210384e+00
2.138001806143107419e+00
1.013795735863129321e+00
1.183268763125866263e+00
1.370745611825801902e+00
7.004792480377854957e-01
1.084680795954984900e+00
1.841502045818578237e+00
1.836377048306859772e+00
1.754170053507027482e+00
1.894521480882260134e+00
9.457156957763642735e-01
1.119937173592706392e+00
1.699782279611885993e+00
5.634218664660962661e-01
1.025133546124673778e+00
1.273679518861571269e+00
1.036754142489761499e+00
2.944034810016484816e-01
5.224073945572763611e-01
9.739732614395111288e-01
1.465350800526276309e+00
1.657402566556829715e+00
1.658372526816755288e+00
1.333497671713249177e+00
2.585940615437114953e+00
9.614871618377023310e-01
4.325960644295696045e-01
1.058716093132467728e+00
2.044777234405379840e+00
1.908043679104904689e+00
2.366539872991429316e+00
1.455428752654187807e+00
1.915857847680321857e+00
6.362872435396045301e-01
2.186825915868969350e+00
2.919451966582826685e+00
2.512079967219158050e+00
1.427792278003028992e+00
7.923271894552734729e-01
5.909002801010829753e-01
1.169809258615794212e+00
3.283045961125897083e+00
2.989148979285412455e+00
1.867900783793193131e+00
8.112023027104005024e-01
1.174569487419441449e+00
1.303220494523904094e+00
1.527218267547451935e+00
1.001536537494206014e+00
6.887036200196628988e-01
4.413739460866082376e-01
3.275418528365273141e-01
1.330472470914590533e+00
2.886364077706110587e-01
1.495569408032598080e+00
9.021088059589547070e-01
2.176711378323821666e+00
5.626045229129315040e-01
1.188241255158737131e+00
6.593885819029099427e-01
4.300095198893875148e-01
1.971607841736590983e+00
1.804823617721207363e+00
2.950567626092168272e+00
2.972907523609274794e+00
3.369083065156403545e-01
1.581627279669868713e+00
1.119728413893275265e+00
1.702308795901343208e+00
6.023951884312633842e-01
1.512898972367844097e+00
5.447008721408289622e-01
9.736465659680186846e-01
6.382266747078346736e-01
9.245327202573956349e-01
1.258920998730670204e+00
2.111392618194281590e-01
2.314169949596307063e+00
1.422831509830633889e+00
2.150162875129685014e-01
6.696108776223763659e-01
1.551925705702489333e+00
1.806660331316579660e+00
5.745218060443810781e-01
2.082206025001168914e+00
9.524129027869523423e-01
1.238686569152025685e+00
6.812942057083216651e-01
1.557207755894949974e+00
1.173186854302223026e+00
8.616535395745154036e-01
1.406569123572626534e+00
1.376151859081559348e+00
1.936051648878380993e+00
2.004106074156094763e+00
1.681957061082807181e+00
1.125694456696441081e+00
1.482780489851326600e+00
1.221782222757576086e+00
9.280721427718963135e-01
1.718997323901184648e+00
3.039853615963923894e-01
1.096693318238108006e+00
3.511680125323326518e-01
1.943251115211708679e+00
1.372176084831196574e+00
1.350314935121233129e+00
1.923570043627778281e+00
9.763170891779096028e-01
1.526399503167423344e+00
1.093264818091231438e+00
1.089802611585535708e+00
9.005964834473189073e-01
2.454212626867099178e+00
2.098523062542814621e+00
5.712821911769681016e-01
1.255676286709811906e+00
5.868144156830723546e-01
1.255726588859483295e+00
1.156646190142652131e+00
1.321461266675131085e+00
2.084465735485820481e+00
1.162677191884643690e+00
1.523543934614937312e+00
9.968699335301045572e-01
5.392181189471736413e-01
1.251900549658870654e+00
2.511335583015250617e+00
1.049554758909596597e+00
2.485759065377496579e+00
8.714934443288759880e-01
2.372117211357056110e+00
2.197151401279548999e+00
1.390432687841052006e+00
1.484543340484371310e+00
1.968975591782386569e+00
1.194877518781833237e+00
1.250014839831341984e+00
8.223318444122021953e-01
1.190016578210405074e+00
1.484532205100970170e+00
8.430859864394610881e-01
1.796681285391237948e+00
2.297638565173126590e+00
6.322627108229713633e-01
7.490585834191380021e-01
1.244075750060943841e+00
6.088500032881424273e-01
7.784224184422218196e-01
1.903656587988399096e+00
3.529227371201250629e-01
1.670303475225732859e+00
1.673405164391990052e+00
2.824821972133585657e+00
1.053907139058085196e+00
1.189348145100009635e+00
9.769354663653152526e-01
1.080200937333852806e+00
1.724677094488585416e+00
1.002952580858321729e+00
8.585337682344096333e-01
1.306612882065678827e+00
1.309547071443537547e+00
1.707925113037778386e+00
1.341681108373498965e+00
7.528271282651103347e-01
8.358425598183196747e-01
9.938496843019162252e-01
1.133198852843017246e+00
1.411611014098580696e+00
2.007609698769369899e+00
3.037696098901462971e+00
1.331542241947048621e+00
1.133940678837779714e+00
2.180812304657015144e+00
1.075634668995279375e+00
3.085776112708210617e-01
4.600983850171572742e-01
6.477252662357247948e-01
1.235009414963029073e+00
1.624841750698258869e+00
1.486242766690947237e+00
1.707646776866263760e+00
1.324845674859735922e+00
2.142647726194246260e+00
1.644234150511242554e+00
3.056017852567288196e-01
2.038071044376622787e+00
2.030561186036496046e+00
2.063081477506393480e+00
6.521716492766136408e-01
2.871815344752484678e-01
3.399527328397610182e-01
1.625795301530027048e+00
1.553817042353117461e+00
7.780884443822633223e-01
1.735866784501503890e+00
1.414986055611815452e+00
1.426514535454073807e+00
6.487759200908342905e-01
3.056997793474006020e+00
1.325687665749330613e+00
2.320668229191455101e+00
1.507671773796910086e+00
9.043375235461890149e-01
8.428311117063849167e-01
2.214149797514961104e+00
1.434271237214540973e+00
9.558837049577448841e-01
1.576840857351991865e+00
3.596189393124967104e+00
1.911898856972944705e+00
9.616382869361007613e-01
7.245721210112676669e-01
2.483920306680223178e-01
1.526278959609918440e+00
1.265991744713256484e+00
1.482926433989833814e+00
1.327514413498223522e+00
1.133251581854582302e+00
9.750835528023503729e-01
1.087849315326543609e+00
3.495981740724243836e-01
9.298433798652745441e-01
2.058569937538767824e+00
2.304448188780645612e+00
3.425149752651325818e-01
1.968435307103356902e+00
3.191036389418951291e+00
1.792329560835134616e+00
1.941563229089970699e+00
1.328797652764823312e+00
1.202062638967051678e+00
2.374125648796263643e+00
1.505112104166877574e+00
1.122121667562938407e+00
9.095346001609204700e-01
2.249163470808002607e+00
1.511701916520608036e+00
1.142981276817910841e+00
1.770053420953316747e+00
1.537932631654330695e+00
2.626008301943182577e+00
1.238647890113140138e+00
2.295506706575231703e+00
1.628387064215267355e+00
1.292264064768152698e+00
3.304489802065651016e-01
1.250838229896279463e+00
7.704271164659326487e-01
1.279761820084269974e+00
1.320192893704391413e+00
1.551248137240520686e+00
2.729031041195304486e+00
2.407451356719469526e+00
1.064728584870180850e+00
2.907692603942109155e+00
9.847296051357760094e-01
8.792311001835025897e-01
1.063351519850074700e+00
1.805228875455139104e+00
1.997918927300613268e+00
9.491318743572514371e-01
2.106575091302237634e+00
3.792702390040159632e-01
1.115110531465050236e+00
1.831860368714365750e+00
1.602035745997881788e+00
2.502783016215813117e+00
2.305194808626710667e+00
1.022891360279817752e+00
1.767497437735719323e+00
9.225534271144024689e-01
2.535618423213392703e+00
1.649719515709031192e+00
2.114199049411475517e+00
1.227923865455926578e+00
1.497417710254854928e+00
2.321897887341342503e+00
7.170270312108824040e-01
1.278048589232494647e+00
7.697560940115487638e-01
2.355796362255182963e+00
1.224752559847867239e+00
4.069961092008114178e-01
2.944632490279174508e+00
2.308390441533223481e-01
2.557199865115729498e+00
1.551378965820894296e+00
2.347525223923432602e-01
1.971767662643483909e+00
2.184097472892382541e+00
2.511892802463885133e+00
1.715676204911043223e+00
1.707414511081893016e+00
9.784957774732566671e-01
1.146701420921577119e+00
3.939432134826253429e-01
1.517620440568964169e+00
2.956330591061645530e-01
1.052029337232346817e+00
2.118367665459640392e+00
2.655425317992990308e+00
2.410304472623979510e+00
2.957328574668189436e+00
7.703444759814400689e-01
1.540713886707123503e+00
1.026720837163927369e+00
1.388805947097873306e+00
1.223032914701359219e+00
8.611239165609250179e-01
9.613195331096764384e-01
1.967154740553938019e+00
1.881335317355596004e+00
1.970655797487880001e+00
1.116104855559151732e+00
1.047142559288312791e+00
8.243033232592074100e-01
2.494881100456909806e+00
3.766273127932234566e+00
1.171994595848657950e+00
1.304567152991036094e+00
8.563623813827776488e-01
3.036259416355711949e+00
9.751906231808434855e-01
1.642774523723621094e+00
6.225428277333104887e-01
2.653682172224302693e+00
6.142272634179695157e-01
8.560550564006849106e-01
1.845024070464909460e+00
3.235017381055750985e+00
1.106327413440243879e+00
9.057107203343204294e-01
1.525707337839445676e+00
2.316548669219028689e+00
1.825951544787368874e+00
2.346962302580842152e+00
2.684518650228273184e+00
8.790660360373963034e-01
1.303189611843330598e+00
6.717147644863178391e-01
1.126783919804064116e+00
5.197709305397787416e-01
2.157738274309252802e+00
1.611335735100934419e-01
1.299974210726994261e+00
1.679648251107001222e+00
9.135724655821746421e-01
1.567331623281868813e+00
4.343833377053213374e-01
1.981146161991722998e+00
2.150232041849033493e+00
1.501125722364917481e+00
9.158988281999179693e-01
3.466367585487521552e+00
1.472070805993810128e+00
2.682876138887410722e+00
1.711600879011413223e+00
7.241639256621775766e-01
1.533738640769917616e+00
1.491660931417789993e+00
7.073812918205918399e-01
9.718449454527732234e-01
1.332737558156991131e+00
2.242747397765292305e+00
1.862863324565413148e+00
2.112128987402495550e+00
9.111388783468246100e-01
8.581096422720446704e-01
2.550889964112396324e+00
8.911415562594411366e-01
1.725824820442880769e+00
1.027914880682061272e+00
9.494571083328148253e-01
7.473355323323044308e-01
1.267324181431752850e+00
1.089067126954155418e+00
1.353130550282644284e+00
5.629723147631071622e-01
1.200144333396870433e+00
1.247653261173504946e+00
8.350889766469373754e-01
1.694632506204786671e+00
8.088306249246055568e-01
1.850040415411654315e+00
8.345376611790581434e-01
1.256244557936831319e+00
2.237186521303202447e-01
7.495056305002540942e-01
2.456219683084153615e+00
1.470584569281372600e+00
5.340389160082353870e-01
5.791658821426367565e-01
2.592985954347154731e+00
1.411814964296359776e+00
3.392135513698165905e+00
1.211329061134968299e+00
1.686847857689059316e+00
2.134248741395909033e+00
9.832883569416402958e-01
4.302074504464818983e-01
9.580840303819478931e-01
9.132787353390707796e-01
1.287138448104601096e+00
9.309071602263685463e-01
2.556803801733205983e+00
1.154400552957149273e+00
2.271967532741545615e+00
2.579835384147810551e+00
1.248161252430713741e+00
2.121563979516142062e+00
1.310998503029048523e+00
8.357237336201386313e-01
8.719091845835861276e-01
2.132054562927108599e+00
5.972627801983491080e-01
6.106586730404310881e-01
2.200616441536701107e+00
6.887734216596190784e-01
2.068234722178556417e+00
7.453756715239499009e-01
2.101360708000385102e+00
7.946256869916724641e-01
6.605247767407468329e-01
1.423771080834138836e+00
1.545721986380771851e+00
1.193818595721399589e+00
1.960516058482718593e+00
2.414882522578072788e+00
1.462625893333442395e+00
1.346530996236528610e+00
1.525634014749484679e+00
9.944394395657690788e-01
4.413979775081758872e-01
2.202285550196052544e+00
9.273042295076495689e-01
1.149034063177332365e+00
6.479773378982434107e-01
1.863922153607781462e+00
1.330145053428732627e-01
1.105194327948635369e+00
1.166415946950577265e+00
2.275099889392793617e+00
1.329806079062560764e+00
2.618727492538606150e-01
1.374546359449683619e+00
8.769097184879981466e-01
1.386738812498534257e+00
1.704694841087886825e+00
2.332346770348375120e+00
2.019874161887339703e+00
1.119726208309023141e+00
4.949297666583503674e-01
2.345953468806184272e+00
1.062850076203399663e+00
1.057173528367919335e+00
1.321700976319806653e+00
2.794204087715854712e-01
1.083962023620918202e+00
7.146169067757625060e-01
8.268795070757286592e-01
1.831080978950936800e+00
1.810472505504082452e+00
1.643412536052215045e-01
1.510762176790639622e+00
1.282217917073551039e+00
1.160894981579369212e+00
1.498746492462116109e+00
1.737876353236792182e-01
3.892682517296597866e-01
1.587951119534136257e+00
9.158668645722235491e-01
8.012065251861856252e-01
1.809110905856534890e+00
5.966567545319613197e-01
2.237365790448611502e+00
4.561591050870640318e-01
1.054957439021274146e+00
1.871107217169384107e+00
1.741862305640684561e+00
2.455184524607080476e+00
5.273982896949536148e-01
5.549698762535528740e-01
2.183642710223515859e+00
1.453511059807494732e+00
1.815532210341772590e+00
1.260258347766168852e+00
6.214963820471668121e-02
1.253070871469488257e+00
1.512650653280897206e+00
1.291186038897703670e+00
3.144532341617416460e-01
2.055188496528891129e+00
1.818292453072660741e+00
8.903294301623474460e-01
8.310158276188206461e-01
1.819423160549881180e+00
9.223247798460706415e-01
1.799447010221267629e+00
5.615559091243852441e-01
1.935475572471802463e+00
1.270459491579898792e+00
9.863189475045225363e-01
1.216526801078121833e+00
1.599814816506925252e+00
2.626708229026522901e+00
5.630039594338456244e-01
1.476383432119909633e+00
1.516341962954364853e+00
8.595302514714999731e-01
1.151801165449146680e+00
2.385411567517705667e+00
7.616362614483611626e-01
2.832352004459566697e+00
1.259858899941769250e+00
1.198269903752158916e+00
1.264443295726288108e+00
1.191949629683207945e+00
2.046805378242518625e+00
1.326933907908444343e+00
4.563279279097865460e-01
1.996791359728428805e+00
2.243258314532598607e+00
2.782322426717523278e+00
3.462079147596937578e-01
1.205794982532527815e+00
1.326554483555455466e+00
7.655158935027891465e-01
1.360724525872252677e+00
1.678087401516223265e+00
1.290967943031632981e+00
1.761340441030535331e+00
1.464563238045392346e+00
1.040759021819886776e+00
2.585147963552024919e+00
7.366153380990602129e-01
5.682041888131715845e-01
1.476463516770437634e+00
8.223295339451682784e-01
2.127290938409052146e+00
1.285629477277621557e+00
2.238199579887357960e+00
1.915887465772597276e+00
2.925370225182629458e+00
1.085520196480458832e+00
3.862108888205667001e-01
4.553161800114528535e-01
5.182928409840631412e-01
3.904693293567396140e-01
1.583963873442288284e+00
1.105640312325897101e+00
1.318024368482052289e+00
5.923967854102669683e-01
1.445910892536158843e-01
1.665678930773571320e+00
4.362064643778429951e-01
2.372974387282124287e+00
2.577863263657001358e+00
1.021152206539899687e+00
2.119086565109856934e+00
1.430454046307048976e+00
2.117360994343784775e+00
1.092788730477902037e+00
1.019852965303045700e+00
1.857060001693761064e+00
1.080752957295101790e+00
2.134913384647611156e+00
1.614268156722276970e+00
6.847394503937982435e-01
3.035361875287295064e+00
1.978370770297864123e+00
2.057787829148511438e+00
1.325669967014725392e+00
2.023682872227664298e+00
2.524178961724143022e+00
3.167065237160340274e+00
1.472582508748652153e+00
2.019474178332248293e+00
1.023072549915264196e+00
1.621312704016869999e+00
6.324312347846212656e-01
2.178291076449981656e+00
8.704277998359262192e-01
6.536697207482252692e-01
9.764449019178069733e-01
2.008567440805781867e+00
4.189463730270369668e-01
2.073154033204381186e+00
1.053955944921237009e+00
1.173016621902746248e+00
1.661192420950932336e+00
9.677461117081523900e-01
1.276007688180027078e+00
3.703283792485319026e-01
7.274898982137462111e-01
1.014519218056561867e+00
8.685660468222665687e-01
3.743345762581321012e-01
4.069151478788421428e-01
2.044502515351783067e+00
2.024889553900694583e+00
9.126610213061752130e-01
3.486130671243498735e+00
1.196081059852841522e+00
6.753932302489332740e-01
1.630257891691500927e+00
7.547830472871371876e-01
1.408863940450769903e+00
2.428061305127512171e+00
1.907893043874363093e+00
1.558660539749041618e+00
1.306436864686525867e+00
1.886872008804913348e+00
1.205766132496135734e+00
1.171817661665184529e+00
1.047218792635153717e+00
1.839997786333299024e+00
2.104859149237275684e+00
1.165210342539146460e+00
1.321611508300059246e+00
1.843644483839949277e+00
1.242375024461174871e+00
8.935235503212173303e-01
1.061339367920006937e+00
4.444296199128205949e-01
1.588916934363302724e+00
5.959109301622679544e-02
1.434293714567853151e+00
1.751528265832079656e+00
1.962277177232792047e+00
1.993761747781352067e+00
2.506500456227746643e+00
7.328645234689921129e-01
1.275337027109422428e+00
1.208735203096310773e+00
4.720099405570354900e-01
8.640895891752031766e-01
3.866412424606571752e-01
1.349578858335797271e+00
1.223483073829544798e+00
1.397483659221542940e+00
5.196860364933615362e-01
5.591055749510432937e-01
7.923735763068574522e-01
1.168522059204001540e+00
5.331899930658020592e-01
1.292961437910713718e+00
2.016105322708807712e+00
1.589438460167343470e+00
1.826934078053091826e+00
2.347709212041181992e+00
2.700907714450662134e+00
2.951717565467396609e-01
1.631486036441021970e+00
1.155156879350724308e+00
7.730651384023357053e-01
9.430056569733228367e-01
5.153691275255226634e-01
2.112316471848554755e+00
6.041361784087549980e-01
7.961118320579111396e-01
7.396080765385218969e-01
2.079527251459200254e+00
1.605285705360449455e+00
1.553737199101372868e+00
8.321967178679690047e-01
6.132575582871444553e-01
1.702835086448724278e+00
1.296140652776074931e-01
1.440146252836588703e+00
1.709443392733959843e+00
5.509095197555194945e-01
1.359519551697260908e+00
1.040563773621898669e+00
1.999089576224394982e+00
1.142347848453457715e+00
5.078745264253134994e-01
2.856869693639830565e+00
3.711789919825886352e-01
2.277490383523602446e+00
1.947846396034172700e-01
4.687692463436058943e-01
1.063055293446064198e+00
1.870071440018041597e+00
8.453307078990324186e-01
1.383038789663956436e+00
5.978791719252486425e-01
1.593623031494974862e+00
2.111557761457218518e+00
3.427880457835309480e-01
2.929019328496175856e+00
1.339208038309430915e+00
1.963199488310919616e+00
1.086693533902276965e+00
1.245464086594232134e+00
8.798984663301695486e-01
8.031318138235814530e-01
1.336320185049451048e+00
3.223383372351596332e+00
9.209486889656122166e-01
2.034929176267437079e+00
2.198405855484100169e+00
1.012371374707780047e+00
1.666647297809174200e+00
1.582468156174874796e+00
1.169062440580383111e+00
1.610854739776129474e+00
1.631662356623152066e+00
1.614155326464988160e+00
3.777860098060519811e-01
8.668757839690389710e-01
2.384923960996981673e+00
3.009472097430778259e+00
1.250992416662213058e+00
1.293252809901794365e+00
9.378475292472001623e-01
1.234203767203237989e+00
1.635833313993862448e-01
3.219886164693124275e-01
2.441082345891396166e+00
9.058742403101803786e-01
8.947593973488181529e-01
1.676051654473387664e+00
1.094573205371758284e+00
2.638890348623245785e+00
2.402075627807917169e+00
1.056338406404204289e+00
1.460642264661460077e+00
2.151276900707219664e+00
2.943251078184693004e+00
1.667248726817392779e+00
2.512285307125315392e-01
2.399028300971290495e+00
1.344081331220571940e+00
1.981849289639579181e+00
1.908424541564914145e+00
7.147981500866346094e-01
1.460313338944134287e+00
9.186746670244679835e-01
6.070546377133729798e-01
1.457054980343299722e+00
1.197700680693511099e+00
2.522998271083022104e+00
1.075086448188404376e+00
1.762661408457617096e+00
2.119899178279249785e+00
1.216806233022223571e+00
1.276374804083853620e+00
2.153092361261611742e+00
1.356856972151157859e+00
9.014053922539432273e-01
2.218785711135342176e+00
1.046584975321201094e+00
9.597612743423995507e-01
9.524724174239130869e-01
2.003388597283590755e+00
1.325823254490660075e+00
1.577091592930265351e+00
3.165166687900842213e+00
1.820035790534309195e+00
1.375163242919992701e+00
7.250611475496701042e-01
5.115563737538650901e-01
1.954627690728165446e+00
2.163544204124456805e+00
1.161615031596959335e+00
5.159422722255277982e-01
5.243944709044447983e-01
1.902015914115101403e+00
1.272326578004507658e+00
2.367367120762644106e+00
6.459780347915818899e-01
1.170986947253960242e+00
2.313364919764079097e+00
1.640385130216827747e+00
9.562532654396271870e-01
1.665967650083276519e+00
2.246539147947388404e+00
1.316112679135702734e+00
4.212260118243316143e-01
2.271092937265358103e+00
2.652494296782668126e-01
1.668834575666881870e+00
1.664126740219778133e+00
1.032447112786555099e+00
7.024651404576877090e-01
5.194334018678782305e-01
5.884848407517622171e-01
1.638219325112532543e+00
2.057910653074704221e+00
1.686678246818558824e+00
6.779907567829129844e-01
3.298242074837506310e-01
1.123029672401075540e+00
2.257120529427130151e+00
1.437561736538379431e-01
1.235875750159777464e+00
3.395053199470892125e-01
8.880028085145141858e-01
2.267667594126979047e+00
1.830364557204677167e+00
7.732300298518416382e-01
1.171425962883577032e+00
6.540793418183429297e-01
1.516023188235314123e+00
7.752222408272873011e-01
2.318382754767006837e+00
9.876640292264388110e-01
4.380544897580138097e-01
1.788609005200271662e+00
1.839698217152442306e+00
4.298763977964743521e-01
6.050428056214415262e-01
5.776287607459084095e-01
1.268924913113283592e+00
3.076079244810849822e-01
9.015027624980260779e-01
1.427339564574221731e+00
1.627863394874836001e+00
3.320331879936215813e-01
2.766654001897547399e+00
1.930015514346213878e+00
8.669479163677376032e-01
4.000878470612109439e+00
1.374264175283491873e+00
1.200785068927382460e+00
1.126611963070235367e+00
2.586386969192259855e+00
1.857960292317862860e+00
1.619945665331560258e+00
2.804239622800785536e+00
1.317064807695540019e+00
2.050099604316801827e+00
9.076264937185695159e-01
6.720809065846338193e-01
9.847461115505463658e-01
3.761194703852425159e-01
1.495428999863179342e+00
2.725867884111945028e+00
2.858966274174980615e+00
1.381711513492918764e+00
9.678835235147396077e-01
1.646338011828578862e+00
1.902704490382916003e+00
1.554482373366936621e+00
1.500620059454129906e+00
7.597907191168767893e-01
1.128449611150407206e+00
2.428092203999729914e+00
2.817672242914205150e+00
1.298864552139329831e+00
2.069553813683519206e+00
1.092131200441300631e+00
5.768330693021266331e-01
6.959644350492877329e-01
1.096876717845854943e+00
3.230767385134146963e+00
3.131100384765572731e+00
1.597309692714537377e+00
2.017063857234669744e+00
1.295307010444527673e+00
2.913689948994215406e+00
1.999714354504558145e+00
1.604997221466974322e+00
1.765006160219505738e+00
2.446298580617849439e+00
6.150125409683683264e-01
1.971269392933170828e+00
8.418880650421219913e-01
2.732000876812769041e-01
7.572224000397019816e-01
2.121342747035241949e+00
1.491981145301199074e+00
1.674257869554045097e+00
1.110702818864362618e+00
9.262200175987875816e-01
1.311609147310294876e+00
1.073218646778025365e+00
1.699031584092440594e+00
2.683379161876473518e+00
9.542588913432867859e-01
1.293395925124115331e-01
9.945238607405959552e-01
2.299351469348343446e+00
1.988831367397462691e+00
4.208279168807972370e-01
2.511848857136345980e+00
2.327933554593605514e+00
1.581535319732370715e+00
7.703840630721441318e-01
3.233923632764134304e+00
9.533935612370812995e-01
2.753079090301023268e-01
1.009942247448253339e+00
1.738653670675843532e+00
1.435723531102480521e+00
1.958922357697554295e+00
1.205643086870966885e+00
6.934122509667617340e-01
1.236265017757440354e+00
2.702797759747231243e+00
1.929591343695593375e+00
2.267934744022231719e+00
6.295334413914996929e-01
2.280010114767171636e+00
9.629975186239898566e-01
1.280946977227864547e+00
2.272178133761125984e+00
1.467277782073275638e+00
7.354057145380411553e-01
1.746291136909789765e+00
9.793978043983625481e-01
1.524923507603391348e+00
3.432556644102219057e+00
1.833353905460369804e+00
1.199656120926573255e+00
2.161966492758566893e+00
1.133591613998242043e+00
1.204502712752001603e+00
5.025273947834618671e-01
1.576768640547777434e+00
2.290594626175863180e+00
6.986443168782092705e-01
1.508428131995280586e+00
5.463329257755389357e-01
9.881505667695111850e-01
1.392703690139493800e+00
1.567549922444576804e+00
7.351866522847650964e-01
1.605174445902803004e+00
2.254758441333958974e+00
1.344276589734458849e+00
6.131195401904941944e-01
3.116204293144681170e+00
9.489826831458161305e-01
3.521524370653919433e+00
2.784927480214590023e+00
6.142024600702055137e-01
7.105863525261014724e-01
1.777628917611067338e+00
1.227806819836813723e+00
1.719320985053580220e+00
8.597734423249142610e-01
1.958975113860897954e+00
1.158755345109924839e+00
4.018723056523872961e-01
1.221465535285481963e+00
1.899989316286196273e+00
1.526449076092845081e+00
2.310642859871286703e+00
1.757024261874381654e+00
1.320688115371903448e+00
1.320243246585807384e+00
2.470469169992113023e-01
2.977728891620332607e+00
1.691970038400269605e+00
3.400495265586554350e+00
1.688941632229040701e+00
6.664071549481512813e-01
1.386772952689801608e+00
1.110582416743396861e+00
9.541292035676852690e-01
1.322941570854981874e+00
1.982423044419435954e+00
3.278813994818423172e+00
6.058452575789533556e-01
1.301150413600542510e+00
1.591455131216373831e+00
4.788059251763090995e-01
2.320201022459720708e+00
1.872972874661104736e+00
2.428624865603714156e+00
5.547823903199566864e-01
7.578983536344019445e-01
1.790465234963720897e+00
4.102378238650894460e-01
9.168574313119216557e-01
2.519545328915639981e+00
2.081027489530303143e+00
1.459978636654931661e+00
9.594309474014995898e-01
4.770624853176650415e-01
2.261082581372810374e+00
1.537454028932851990e+00
9.464807114788345022e-01
2.572325161115521119e+00
7.383411386732715576e-01
8.851739684959384347e-01
9.437037286885489040e-01
1.862992022747733456e+00
1.790468734819363750e+00
8.313677284908809195e-01
7.727921407704649859e-01
2.662058330428703767e-01
1.525962964478847494e+00
1.849100832786840121e+00
1.352706884046313007e+00
1.223403098364075792e+00
1.225696846941399576e+00
1.877605504331596453e+00
1.331234636771803537e+00
1.569758797142567497e+00
1.535416439106838560e+00
2.168658028035147733e+00
5.115092559894068858e-01
1.670876965768217648e+00
1.677488958450336742e+00
2.485373500240676492e+00
2.401529097571215132e+00
1.774543407822697594e+00
7.084649793146780006e-01
1.403762781667796000e+00
1.356519632886585391e+00
7.484853787987666429e-01
4.846055799981022205e-01
1.942256489992311708e-01
5.793428400862581373e-01
1.476648914907358057e+00
7.973825604026207881e-01
4.682452982658920071e-01
1.730999171071033738e+00
1.439360070921711365e+00
9.786805750987959129e-01
1.180326500253385147e+00
2.385204917779391032e+00
4.526224658097308118e-01
8.824139650611024788e-01
1.417544340444926831e+00
5.875623767262871944e-01
1.405054647562462122e+00
1.340254942851536235e+00
3.052688096332647927e+00
8.840735850830433451e-01
7.448919101252269304e-01
9.330723975156185457e-01
2.628300208630631740e+00
3.448898518370862587e-01
7.552348068336364184e-01
1.298118690459745928e+00
2.243660314749568840e+00
2.051599844580632936e+00
1.397214979138831747e+00
3.882099906708438852e-01
9.701412902299441643e-02
2.233356916455838448e+00
1.128077492651759384e+00
2.561646977829224792e+00
1.044733441385038208e+00
1.208579659411352480e+00
1.055828189410689566e+00
1.024843094718873360e+00
1.804627244674512410e+00
1.073045193399011055e+00
5.473856462540619416e-01
1.907817240078738985e+00
1.534015290497737993e+00
1.158924551434629135e+00
6.868517064471362232e-01
5.248897255393066841e-01
2.010809627673021183e+00
8.284953157192137541e-01
2.989280916759138318e+00
8.671550725474524990e-01
1.630174652105088828e+00
1.145717947791028868e+00
1.043011380628001916e+00
2.385906251311725068e+00
6.732957713266530808e-01
2.028454773914426745e+00
2.266608519055074711e-01
1.390642797013804222e+00
1.511761533605048946e+00
7.281936889305092864e-01
3.622157760645544622e-01
1.979536981785421590e+00
8.081630603101142007e-01
2.610407590311789594e+00
1.493558110068907707e+00
5.118954077420446724e-01
7.012151499425018919e-01
6.515717123344617612e-01
1.127487304714672511e+00
1.444494485012724150e+00
1.438534465856231126e+00
4.279918517271324996e-01
2.614931635772082874e+00
1.551411436966596114e+00
6.381672923492734961e-01
1.600841109032326903e+00
2.019466438838925182e+00
1.213348206542976593e+00
5.297403602307323434e-01
1.313879536912638812e+00
2.207639428996999165e+00
1.022410348450975448e+00
1.466916001446147977e+00
1.599878921502195350e+00
8.172784178697891644e-01
1.037519908728105289e+00
1.460236526398740908e+00
1.187900663592167838e+00
2.257291665146797521e-01
2.121214790298000974e+00
4.158645234897469511e-01
2.156051483780125899e+00
7.253763091871454627e-01
1.424990151769852664e+00
1.424408772370211018e+00
1.014946088516417877e+00
4.703018413112033946e-01
5.615455290922384268e-01
1.437104170095854228e+00
5.493712826991880016e-01
1.733470102415472835e+00
1.789381076553943295e+00
1.420151643890746218e+00
1.735149804848772348e+00
3.292762901197188619e+00
1.648050912888114616e-01
7.530239831887072244e-01
1.324451909567907038e+00
3.785079626233920913e-01
1.107576464083836143e+00
3.207816621887629172e+00
5.339334088759345454e-01
1.343687301378277743e+00
8.545581478668508035e-01
1.886393507961275917e+00
1.538108963637165649e+00
4.325537001259601166e-01
1.965908119050178371e+00
1.283922841692275219e+00
2.793427597220283776e-01
8.626193552760136329e-01
1.336358479804521160e+00
1.820113044146827175e+00
7.640631046805412829e-01
1.504675902080190975e+00
1.180649360857374042e+00
8.897815200302175986e-01
1.794290136484360865e+00
8.455519758498839522e-01
2.016330563280323673e+00
1.243471625128061087e+00
2.053949882933552296e+00
4.533890667920934536e-01
2.894343722132694641e+00
2.567882444185713986e+00
1.053435834617518108e+00
1.753741119302382412e+00
2.408148133456965212e+00
1.284407754650318534e+00
1.934099066905283104e+00
1.461633324647705789e+00
1.071771731276533579e+00
2.272736014534777471e+00
1.844532436528719455e+00
2.777920142305879692e-01
1.076347613405584047e+00
2.824501751760888357e-01
1.605129493353476766e+00
2.295381488000992842e+00
4.892258413724728250e-01
2.591610603312397121e+00
2.064867974697949249e-01
1.750186947003739446e+00
9.839361329995607308e-01
1.493514725988150271e+00
8.116223596451981326e-01
2.181257304947153752e+00
1.156620212683879600e+00
1.215506734359854457e+00
2.773583835807144737e+00
1.393246332671445042e+00
2.398323996921392975e+00
8.949123429598296320e-02
1.347343009707973494e+00
5.352710114746499492e-01
1.536309641060144227e+00
1.884038433162507076e+00
1.188130480168365422e+00
1.569570797999743528e+00
1.181456169391325250e+00
2.024207555216458676e+00
3.577033810368292155e+00
9.583088531031357382e-01
1.011203812734540852e+00
1.809910806848013420e+00
7.034579166503549530e-01
1.323016984174844035e+00
1.676799262944571378e+00
1.330378317381416098e+00
1.266274243958625645e+00
2.753041768427667790e+00
2.802147554119088557e+00
2.723766608025595559e+00
1.076053201523533787e+00
3.605237129373094707e+00
1.405672730456731356e+00
9.207300047137936261e-01
2.778915255406703810e+00
1.533991757849296977e+00
1.431910235902907891e+00
8.661694554359585796e-01
1.754427368624393857e+00
1.732831605141938569e+00
4.887542061530436577e-01
5.295596097524453150e-01
1.310822102773884446e+00
1.709705507743540132e+00
4.877554809829328653e-01
2.013981116672145077e+00
8.468258778382365959e-01
1.770526190948463530e+00
4.888278127092850894e-02
1.763688564153579552e+00
8.065082982532439937e-01
1.329930353603027582e+00
3.837195424658759180e-01
1.724449103265087491e+00
1.589262560140074276e+00
1.461522253370586721e+00
2.305840723369909639e+00
1.891471515942797499e+00
1.275687741263187958e+00
3.712911714758039272e-01
7.802888636987344029e-01
1.355009510781732374e+00
1.401729549845140310e+00
1.432236273252292413e+00
7.035283597136305911e-01
2.057837491483025083e+00
1.206306853650991773e+00
6.079342111917727109e-01
1.754344012750315818e+00
9.323125708869670625e-01
8.553204881711344854e-01
2.740079184671502688e+00
2.771128835620775721e+00
1.483206893089023648e+00
1.092516685203491766e+00
6.032519497082394766e-01
1.852897379447784765e+00
1.039558859970908244e+00
9.920642862742886647e-01
3.343420571572839894e-01
7.141407364452027062e-01
1.378880466789605519e+00
2.201202261235644553e+00
1.850375721290998143e+00
1.708249290843331325e+00
1.177749817764644824e+00
2.585405649852272614e+00
6.163505846383799947e-01
1.052979759847977981e+00
1.808684535049574604e+00
1.424553718693405635e+00
1.621042732222984117e+00
4.451065827542171061e-01
2.674665145952953571e-01
1.262063989738736458e+00
4.477685964826642051e-01
1.138805119697008594e+00
1.394176707283708350e+00
1.679506781051341324e+00
1.690171555921442748e+00
1.521955059209162631e+00
5.557121136286725660e-01
4.447374588367654091e-01
1.501779541376261573e+00
1.249133788404316547e+00
1.949010535681175993e+00
2.201622340667830802e+00
1.444463968341103577e+00
1.167142796485779233e+00
9.738670758060568033e-01
1.827183993824999408e+00
1.529795463550610801e+00
5.086741093511270018e-01
5.523209814158163145e-01
3.170841845355084621e-01
8.240424577820281149e-01
2.007152377867571946e+00
2.005805591735695614e+00
1.699341460593705833e+00
2.005036547969247351e+00
6.797944616239750548e-01
1.046611258344551376e-01
1.628760201162742893e+00
9.034261907303969830e-01
1.553869358067413664e+00
1.339300898302144827e+00
3.102189001532509760e+00
1.881029906693666875e+00
2.126135391673930730e+00
1.758529008379640324e+00
1.200912831860059482e+00
2.123718251651575795e+00
1.464740265781195205e+00
1.984094513152231842e+00
1.196249124759655613e+00
2.513176002747437909e+00
1.206859438453477651e+00
1.225806813504519699e+00
9.840849807797449333e-01
1.561394447580295219e+00
1.326615129157404649e+00
2.348244844905323703e+00
1.227097556582385396e+00
5.190001851579848502e-01
2.400054139171399648e+00
3.847841006142589393e-01
1.998280453749972541e+00
1.378853720726084031e+00
1.515608420243921506e+00
2.180893817460564765e+00
1.508569412856375136e+00
1.440920285759471620e+00
2.190576743008503691e+00
2.327695651737641924e+00
2.217872958973804653e+00
1.503828967826142726e+00
1.996147394292347332e+00
1.180832008570249281e+00
9.552002452709058566e-01
1.480062235614779897e+00
4.733851181294166932e-01
1.899940730498253627e+00
1.237714426055421146e+00
1.741212624017850263e+00
2.740432674297886617e+00
8.152551696858885144e-01
5.853947087966768770e-01
5.219403529915014328e-01
2.277570799708653837e+00
3.263590239738098919e+00
1.748206432070785965e+00
1.477881545361389826e+00
1.171507448908829740e+00
1.261633482054748123e+00
2.374290408512583994e+00
2.950352711291859720e+00
1.773066124324663262e+00
3.931598772461205815e+00
2.381412227567245132e+00
9.149367263169480013e-01
6.940963342581840667e-01
7.786131167053810254e-01
1.802347626227774002e+00
2.832708750145489063e+00
7.544406932409349897e-01
1.069066634094963941e+00
1.841465678793178240e+00
2.862369938555621163e-01
1.270512079595732535e+00
2.182107224283643010e+00
1.456186249255708054e+00
2.430087114121718184e+00
1.081682170651923514e+00
2.129862992202548710e+00
1.755652512461555181e+00
1.301936426432407812e+00
9.805937584416203334e-01
8.692973181262670934e-01
2.011890119120438580e+00
1.054964585987000047e+00
7.426964001054655595e-01
2.505216519420259136e+00
1.146157289368054943e+00
2.576528853661845364e+00
4.157206717539116969e-01
6.872268334347799712e-01
2.087014023646546423e+00
5.513173471021710625e-01
1.583907526016004708e+00
1.285813200719562177e+00
1.030940927758626557e+00
2.277015888163790081e+00
2.779870939553724440e+00
1.178381254622581142e+00
1.564446991673002385e+00
3.221723286244775886e-01
3.438325412232576372e+00
2.496040218946860456e+00
1.100159694287585088e+00
2.548241395856679414e+00
5.461648046024496495e-01
2.474826886804247561e+00
7.073616656374883682e-01
1.384785407642313837e+00
1.471352702343690755e+00
2.037701881383154667e+00
2.814243580660417687e-01
1.448828485637442265e+00
1.154214086964191033e+00
1.249140739434225544e+00
1.328385436645403761e+00
2.415609307018323548e+00
7.169184646340278633e-01
1.360382875294321892e+00
1.398255282532750998e+00
4.915192896014942692e-01
5.644382790379139925e-01
1.203410054250065198e+00
1.155115926048789488e-01
2.724093390691885830e+00
1.246157725529642768e+00
1.875111382089733603e+00
2.404806777442894283e+00
1.652385672006269957e+00
1.642989050924710703e+00
9.067871913007871099e-01
1.751387183310118889e+00
5.830500983535716886e-01
1.476449672656070300e+00
1.476765854424322510e+00
1.395299675765065306e+00
2.775030943515878423e+00
5.342458137433520049e-01
1.366707406703206784e+00
1.136916958640313613e+00
3.485180880478717658e-01
2.885630327939495920e+00
5.783665995295886875e-01
2.460483989531251137e+00
1.345833428684658051e+00
2.206677770637510694e+00
1.962624670644665281e+00
5.145379619349425004e-01
6.205870809828799572e-01
4.912294915991021194e-01
2.222379371064358899e+00
1.813579494673807080e+00
1.856075999132711818e+00
1.930612809792417783e+00
1.582212147114298251e+00
2.902565067173845659e+00
9.137810429560400127e-01
1.220369544381548321e+00
1.836206727337994504e-01
1.825828166455544466e+00
9.647103905913942956e-01
2.241489024337595559e+00
6.070323286167925714e-01
1.294642163205784069e+00
5.224462449421654053e-01
1.729376774028940966e+00
9.813640396709339964e-01
1.087993143544627950e+00
1.458320893620379533e+00
1.506177570715042657e+00
1.341851249253836142e+00
6.508936088420685939e-01
1.345051234268843654e+00
2.444690544961484857e+00
3.873845749312941344e-01
8.381732802307161057e-02
4.314884093779346452e-01
1.618656706271529577e+00
2.907277043400221306e+00
1.867862785944335080e+00
8.772742735098640887e-01
7.285588411329290137e-01
1.368532123382962373e+00
9.502028795690692364e-01
2.294467685246499578e+00
2.421176815923285819e+00
1.445707622972842499e+00
1.767525748182250389e+00
7.754473997862189050e-01
6.998847969085381093e-01
6.006938115793881705e-01
9.035521980174658629e-02
1.019387956504342219e+00
3.949180792657545624e-01
1.120766116504841037e+00
1.617293728572842593e+00
9.166761976396884393e-01
1.155871151601044033e+00
2.540817853917436420e+00
1.240440767690622614e+00
3.865650387944810085e+00
1.853664953617622180e+00
2.372842692298429146e+00
1.328038506490899051e+00
1.473938416327493561e+00
1.123132482796447285e+00
3.817787662321318054e-01
1.346940721031835597e+00
3.436220699639380260e+00
1.692955947540292438e+00
8.141984394592505225e-01
1.395921003115769832e+00
2.044065680720118738e+00
3.523309868143283952e-01
2.030236460056251246e+00
1.203457103323206434e+00
2.967227541515461420e-01
1.181001842323927464e+00
7.230442944745937295e-01
6.560614380710521054e-01
1.249279843700831227e+00
1.502155430651106682e+00
4.998075643764450793e-01
1.474617404026634437e+00
4.684720075621288116e-01
2.182224502839115843e+00
7.873748543042978776e-01
7.271483488376445647e-01
1.958339109897551111e+00
1.797402090690147336e+00
2.192654588583350161e+00
2.278697408788858070e+00
5.975964604709876893e-01
6.310998833882666137e-01
7.899978968962666492e-01
9.790405876854493261e-01
3.959053915707494209e+00
2.139410573001108984e-01
1.507334865540087998e+00
2.511787510765290943e+00
2.138192073370700719e+00
2.021145369774416167e+00
2.063312285772335386e+00
2.788338490807613645e+00
1.546582884806439795e+00
1.614979170883939608e+00
1.455199963781838024e+00
8.213203094944167004e-01
7.597645936805641487e-01
1.141420525258214580e+00
1.028657159709658542e+00
1.674579064528787908e+00
1.828028729991220791e+00
1.246400524583113789e+00
1.380810743267582241e+00
1.576088130940725973e+00
1.750924525709620205e+00
6.320661524695995181e-01
1.639965857058631959e+00
1.397947396055239544e+00
1.020668069292272273e+00
1.470583843985854955e+00
4.370494586124561431e-01
9.762542484614186167e-01
2.148649531791658074e+00
2.312210085567615536e+00
1.003496814432730533e+00
7.414705130609257067e-01
9.034209259923789981e-01
4.027109157563322217e-01
1.660218942674960729e+00
2.649582479383931766e+00
3.570483351725415311e-01
4.808735432203716242e-01
5.597733327005444126e-01
1.058920511312110735e+00
8.399694895326993427e-01
1.704396829491783727e+00
2.937182348431316647e+00
2.168059179596752095e+00
2.939428440410217558e+00
9.296081491783403372e-01
2.384925112376075074e+00
1.006476789757027035e+00
9.470697411214720196e-01
4.468283600736362438e-01
5.142689868354868299e-01
1.406421977389902711e+00
2.457912850733501742e+00
1.124609264629380379e+00
1.356611656798677901e+00
2.956249390773883490e-01
3.797088451203439186e-01
1.711642444137178698e+00
1.063833638245335944e+00
1.022529330782507406e+00
1.382448129837063666e+00
3.651340472537502713e+00
2.174995552986568104e+00
3.067088135968932261e-01
1.213410074222629698e+00
1.976017072737339397e+00
7.011457868952057915e-01
1.376650015444249586e+00
1.513113014612412988e+00
7.068741210529280172e-01
1.898007735867826673e+00
1.211093305858906399e+00
1.518264996735005479e+00
9.942167771418009004e-01
1.751605811678313307e+00
3.422900681746849361e-01
1.407101049122065906e+00
1.103959131157807638e+00
1.224974294020843235e+00
2.489253458299703681e+00
1.218053140217113972e+00
1.414106523219466727e+00
1.729520894012511523e+00
1.885418150758719102e+00
1.351552023320473639e+00
2.039752888096896477e+00
1.098772338725339859e+00
2.387303504174156377e+00
9.549075717827854026e-01
1.369128867519323611e+00
2.527979591206238830e+00
6.237361803759430279e-01
8.405855435393203567e-01
2.252782394076789707e+00
1.343959820161555019e+00
1.580130890194105797e+00
1.573946345205294195e+00
4.354766757511790432e-01
2.395506307801720691e+00
2.071334738824449406e+00
1.369157191347678326e+00
2.833141177622582774e+00
2.371775275185812326e+00
1.199457172792972592e+00
1.633328493388609859e+00
1.596685804047953017e+00
4.789114190241894331e-01
1.456173927256370959e+00
1.856551261745642778e+00
3.943670484421950007e-01
2.119041527124374991e+00
1.356797319028678395e+00
1.362171152207357405e+00
1.446173905710150587e+00
1.248882739079209880e+00
1.537290114518455431e+00
1.215080561408659277e+00
8.310214918022231778e-01
1.144580170637131689e+00
1.344987532905308258e+00
1.498306478942583286e+00
2.329200580111828955e+00
1.260594965534535872e+00
1.081871596604933261e+00
7.338577339950851375e-01
5.617024253007735224e-01
1.139413425084578657e+00
8.352349174129907183e-01
1.491516975179282944e+00
2.213637345567108117e+00
1.211116373130171286e+00
1.338081970648340668e+00
1.692024234485980161e+00
1.270517785533248789e+00
2.515564560349523582e+00
2.208039067210049833e+00
2.736686575272373467e+00
6.418720948536841275e-01
1.138846251127598519e+00
1.150612907579320110e+00
4.865894294957209265e-01
1.115061640337760673e+00
9.595972290758953971e-01
1.132849081962300941e+00
3.903366580041921496e-01
1.203165127796534950e+00
5.979186560513929383e-01
9.384659637054247883e-01
6.281802868182980726e-01
1.081287830795381488e+00
3.152536640983823357e+00
1.261481605042558574e+00
2.195378821302560013e+00
9.333967718379878598e-01
7.157035861737400806e-01
7.413144300050954483e-01
1.774555549761752227e+00
1.443342228481317102e+00
3.063130123299214969e+00
4.066804466637699011e-01
7.065988488199451689e-01
2.538066264278026285e+00
2.213787716382837889e+00
9.187022678137445331e-01
1.228872677270641756e+00
2.277358613036291501e+00
1.205587753158596342e+00
2.325502784449946514e+00
2.882550343517684688e+00
1.119920379715756864e+00
2.505790345111064354e+00
1.117531527669205715e+00
1.784701900360955884e+00
1.597225786561976779e+00
1.004664341073833844e+00
4.827059017384210393e-01
1.501475480926477202e+00
1.788998917902118846e+00
8.292168656017822048e-01
4.758837099279807914e-01
1.234745285951374560e+00
2.741528922486804021e+00
3.527115546580531280e+00
2.147781643627047377e+00
1.872109825029752983e+00
7.798600777963176078e-01
6.254587793437648147e-01
1.574377156734638517e+00
8.885027741819649938e-01
9.608250301955763018e-01
2.083454761485921569e+00
1.966794384509061189e+00
8.347016476555831899e-01
2.042481980268977981e+00
1.246506576774671471e+00
9.692625070253310104e-01
3.393511011368341990e+00
2.161461461072482215e-01
6.416287490834896579e-01
1.587176783368966504e+00
1.046381114464245199e+00
1.390391673850024379e+00
6.953064567960810516e-01
1.270193346474415286e+00
4.986020212024010467e-01
4.805948974292896025e+00
9.525565252769104818e-01
4.658228707638693566e-01
5.358705203372924331e-01
3.902051269452489479e-01
7.767318967248316719e-01
1.100584544167390710e+00
2.361490319395301185e+00
9.297879641352193580e-01
1.857401783313991750e+00
6.862851513978519835e-02
1.243050241182319660e+00
2.811127819042899212e+00
4.667826392013315617e-01
3.058658357986651311e+00
2.367313294119267830e+00
2.813201044952548635e+00
4.361260450102393271e-01
7.608532427614211890e-01
1.077641281283226116e+00
2.824326510527336964e+00
1.133600238875807964e+00
1.892364643076899222e+00
1.242676593783692551e+00
5.788330662113716496e-01
4.795072017879348225e-01
2.430033609380386928e+00
2.323499476862880275e+00
1.808353151412366522e+00
2.668953112480703993e+00
1.734753168385686051e+00
1.404797048481684518e+00
8.600007833556384540e-01
1.999791988279080002e+00
9.121160026278987143e-01
1.329735413589850479e+00
1.535110211108364542e+00
6.014108500364073739e-01
6.759274285630088031e-01
5.553658289932161818e-01
1.226280186547622053e+00
1.481600866589921850e+00
1.407374209229645734e+00
1.521305036514400522e+00
1.388272461937297031e+00
8.242356921601449171e-01
2.364415795895589700e-01
5.823362346968475878e-01
7.065985079424002002e-01
1.127493726744238867e+00
9.889633227057514908e-01
1.432520006982752836e+00
6.890416352639606723e-01
1.668261012428619683e+00
2.735319296842590453e-01
6.805948205929941430e-01
2.307097102794304355e+00
1.716666478719128364e+00
8.879154687132180257e-01
9.056463228543044641e-01
2.528759029292677596e+00
2.199967899197696308e+00
1.473605036643360622e+00
1.261265063450701218e+00
1.887279354326945047e+00
1.692288361100533045e+00
2.814090393795224632e+00
3.163386053670672049e-01
1.550294427012838705e+00
1.737824661044641283e+00
1.892610962224363202e+00
9.845090379057727104e-01
1.808840265091941513e+00
2.795703992737647692e+00
3.272330279941750852e-01
2.846501148548268301e+00
1.377060616213243049e+00
1.974060197764740732e+00
9.223597113473295250e-01
1.046818140276300380e+00
1.768317050127448387e-01
5.890693124367921696e-01
2.934394454101089678e-01
3.679402926825119824e+00
1.599722418054617679e+00
1.240535476230887557e+00
1.787316542243551298e+00
1.655791694205140052e+00
1.519085569757375298e+00
8.940620264522338712e-01
1.371370772446479869e+00
1.195216473640110744e+00
9.267120845231057169e-01
1.275593018838077075e+00
7.945845630343227883e-01
8.387082970537492743e-01
1.793572822954192292e+00
1.708493565616346244e+00
1.276733514414590598e+00
1.456485171784392962e+00
2.352817395016106428e+00
3.159256942578126726e+00
1.196358488864102343e+00
3.634669324143088964e+00
1.354234172822257332e+00
1.044211123643774553e+00
8.936117788571587006e-01
1.094642737369989627e+00
6.626018645183130440e-01
4.571271569618607367e-01
1.106889361728134569e+00
1.513416329878463751e+00
1.882291736522708758e+00
1.217821837530291829e+00
1.364927375288081945e+00
4.602271367711114336e-01
5.398961646973844397e-01
2.730928413543421751e+00
8.444008691609088402e-01
3.103242280564536326e+00
