   0.0000000000000000       -1.6442312465180430E-009   1.64521097E-09
   1.0000000000000000E-002  -1.6876270342847843E-009   2.29027397E-09
   2.0000000000000000E-002  -1.5746002697685703E-009   2.83266144E-09
   2.9999999999999999E-002   3.1414560349255066E-010   1.24027366E-08
   4.0000000000000001E-002   1.8160243751959842E-008   3.84449592E-08
   5.0000000000000003E-002   6.7726600845748911E-008   7.16338988E-08
   6.0000000000000005E-002   1.7082913569830523E-007   1.09505926E-07
   7.0000000000000007E-002   3.1418023458565184E-007   1.50703201E-07
   8.0000000000000002E-002   5.0369640610159443E-007   1.90288887E-07
   8.9999999999999997E-002   7.1356452421247503E-007   2.34255779E-07
   9.9999999999999992E-002   9.5947709477142531E-007   2.69786568E-07
  0.10999999999999999        1.1861501810333127E-006   2.90138161E-07
  0.11999999999999998        1.4469181091978957E-006   3.20066874E-07
  0.12999999999999998        1.6845494448154072E-006   3.52210662E-07
  0.13999999999999999        1.9192566626795200E-006   3.62562588E-07
  0.14999999999999999        2.1289966178227462E-006   3.87121901E-07
  0.16000000000000000        2.3652048296654777E-006   4.07833170E-07
  0.17000000000000001        2.5697313731192876E-006   4.33827097E-07
  0.18000000000000002        2.7469765702064029E-006   4.29877701E-07
  0.19000000000000003        2.8979704253073838E-006   4.53360371E-07
  0.20000000000000004        3.0980795190289100E-006   4.73538961E-07
  0.21000000000000005        3.2787351429508638E-006   4.64054153E-07
  0.22000000000000006        3.3938198944810588E-006   4.79806374E-07
  0.23000000000000007        3.5174534733771061E-006   5.02365083E-07
  0.24000000000000007        3.6391890253985698E-006   5.04952652E-07
  0.25000000000000006        3.7723793922511972E-006   4.82040832E-07
  0.26000000000000006        3.8439646745428096E-006   4.96479174E-07
  0.27000000000000007        3.9680959471956383E-006   5.24566360E-07
  0.28000000000000008        4.0517419960240845E-006   5.47222498E-07
  0.29000000000000009        4.1125756223913065E-006   5.27307634E-07
  0.30000000000000010        4.1556832255503405E-006   5.41989436E-07
  0.31000000000000011        4.2390460973744193E-006   5.68924463E-07
  0.32000000000000012        4.2768425336690276E-006   5.45022488E-07
  0.33000000000000013        4.3446376639187951E-006   5.51755875E-07
  0.34000000000000014        4.3899963359152236E-006   5.39271582E-07
  0.35000000000000014        4.4199070350615285E-006   5.59763635E-07
  0.36000000000000015        4.4346189335548073E-006   5.47585444E-07
  0.37000000000000016        4.5036075438414894E-006   5.56636621E-07
  0.38000000000000017        4.5305073040539258E-006   5.34739002E-07
  0.39000000000000018        4.5586880613474858E-006   5.80311848E-07
  0.40000000000000019        4.5492347285345144E-006   5.45687840E-07
  0.41000000000000020        4.5676126658027854E-006   5.64194067E-07
  0.42000000000000021        4.5972856707234347E-006   5.55650047E-07
  0.43000000000000022        4.6263622015768742E-006   5.72334272E-07
  0.44000000000000022        4.6340222174610583E-006   5.25700273E-07
  0.45000000000000023        4.6369333919370269E-006   5.76552111E-07
  0.46000000000000024        4.6446910108330781E-006   5.41450106E-07
  0.47000000000000025        4.6528281194288534E-006   5.32149613E-07
  0.48000000000000026        4.6744248878751695E-006   5.50260040E-07
  0.49000000000000027        4.6514846697928741E-006   5.37682865E-07
  0.50000000000000022        4.6606213898331716E-006   5.38225265E-07
  0.51000000000000023        4.6504679545972474E-006   5.45387138E-07
  0.52000000000000024        4.6432018581624402E-006   5.32741637E-07
  0.53000000000000025        4.6184859359658829E-006   5.18670618E-07
  0.54000000000000026        4.6217461940218490E-006   5.54564508E-07
  0.55000000000000027        4.6383721237008987E-006   5.22557684E-07
  0.56000000000000028        4.6065138158810664E-006   5.35734102E-07
  0.57000000000000028        4.6057624731105545E-006   5.50153345E-07
  0.58000000000000029        4.6068106949004898E-006   5.48862943E-07
  0.59000000000000030        4.5765306075845475E-006   5.38902384E-07
  0.60000000000000031        4.5675756981733544E-006   5.46046749E-07
  0.61000000000000032        4.6059269335980091E-006   5.22767095E-07
  0.62000000000000033        4.5483005818188950E-006   5.18460638E-07
  0.63000000000000034        4.5604751191841575E-006   5.42834641E-07
  0.64000000000000035        4.5291197461837619E-006   5.31839646E-07
  0.65000000000000036        4.5250452918031236E-006   5.19349157E-07
  0.66000000000000036        4.4987160791015696E-006   5.53341295E-07
  0.67000000000000037        4.4667923667149473E-006   5.38976280E-07
  0.68000000000000038        4.5001978289859928E-006   5.42461407E-07
  0.69000000000000039        4.4720887295981781E-006   5.32097033E-07
  0.70000000000000040        4.4356879136403885E-006   5.10397001E-07
  0.71000000000000041        4.4141086861040404E-006   5.33101058E-07
  0.72000000000000042        4.4234080529508011E-006   5.09896154E-07
  0.73000000000000043        4.4063244028248431E-006   5.14173109E-07
  0.74000000000000044        4.4015978635342803E-006   5.35601089E-07
  0.75000000000000044        4.3479129022765723E-006   5.10698897E-07
  0.76000000000000045        4.3636548724751804E-006   5.25528549E-07
  0.77000000000000046        4.3511142608902733E-006   5.21962306E-07
  0.78000000000000047        4.3088271586222946E-006   5.24823008E-07
  0.79000000000000048        4.3097361327603779E-006   5.02240994E-07
  0.80000000000000049        4.2923385673860092E-006   4.97903159E-07
  0.81000000000000050        4.2687816228031382E-006   5.04472894E-07
  0.82000000000000051        4.2358324826223990E-006   5.20999606E-07
  0.83000000000000052        4.2333926124788920E-006   5.10444579E-07
  0.84000000000000052        4.2292396402343773E-006   5.16631815E-07
  0.85000000000000053        4.2211007604256496E-006   4.93784114E-07
  0.86000000000000054        4.2000736497381776E-006   4.98511099E-07
  0.87000000000000055        4.1471591150608499E-006   4.92692720E-07
  0.88000000000000056        4.1496731178365061E-006   4.98564589E-07
  0.89000000000000057        4.1217528577453810E-006   5.08536971E-07
  0.90000000000000058        4.1198571420155701E-006   5.01546083E-07
  0.91000000000000059        4.0701234286512049E-006   5.23576205E-07
  0.92000000000000060        4.0669424633852301E-006   4.80430742E-07
  0.93000000000000060        4.0767736860178564E-006   5.00852309E-07
  0.94000000000000061        4.0502740248643258E-006   5.02462456E-07
  0.95000000000000062        4.0269760754953596E-006   4.73321649E-07
  0.96000000000000063        4.0241493401132559E-006   4.93788491E-07
  0.97000000000000064        3.9983606841632137E-006   4.78975664E-07
  0.98000000000000065        3.9631225371698938E-006   4.97467340E-07
  0.99000000000000066        3.9571451776239919E-006   4.94766141E-07
   1.0000000000000007        3.9167122514735539E-006   4.82967664E-07
   1.0100000000000007        3.9056604268454718E-006   4.90047398E-07
   1.0200000000000007        3.8985659930834260E-006   5.04650018E-07
   1.0300000000000007        3.8755387507840566E-006   4.76439510E-07
   1.0400000000000007        3.8455811290726844E-006   4.84301211E-07
   1.0500000000000007        3.8420832467504954E-006   4.78345100E-07
   1.0600000000000007        3.8448415369236529E-006   4.78577306E-07
   1.0700000000000007        3.8031221319782934E-006   4.84265456E-07
   1.0800000000000007        3.7910219493311565E-006   4.62543085E-07
   1.0900000000000007        3.7999866561211523E-006   4.76628003E-07
   1.1000000000000008        3.7805470999215205E-006   4.66761747E-07
   1.1100000000000008        3.7408957717110952E-006   4.80837230E-07
   1.1200000000000008        3.7210870714622823E-006   4.61115576E-07
   1.1300000000000008        3.6936179375348626E-006   4.55040578E-07
   1.1400000000000008        3.7174523087841647E-006   4.85618330E-07
   1.1500000000000008        3.6976772240523531E-006   4.80161361E-07
   1.1600000000000008        3.6554023564853264E-006   4.64470361E-07
   1.1700000000000008        3.6471044152966138E-006   4.68996546E-07
   1.1800000000000008        3.6540630672388521E-006   4.66003911E-07
   1.1900000000000008        3.6108889012192319E-006   4.70243265E-07
   1.2000000000000008        3.6028666061965595E-006   4.61876340E-07
   1.2100000000000009        3.5936656469555761E-006   4.47738472E-07
   1.2200000000000009        3.5761536229515571E-006   4.59725527E-07
   1.2300000000000009        3.5314003708932577E-006   4.50156421E-07
   1.2400000000000009        3.5112989096765078E-006   4.51506679E-07
   1.2500000000000009        3.5321410672402787E-006   4.51320489E-07
   1.2600000000000009        3.5028445094329699E-006   4.66537273E-07
   1.2700000000000009        3.4909289852767408E-006   4.46210720E-07
   1.2800000000000009        3.4881023185939474E-006   4.65766419E-07
   1.2900000000000009        3.4365135036746952E-006   4.40114150E-07
   1.3000000000000009        3.4309771551462772E-006   4.65912194E-07
   1.3100000000000009        3.4158742857570437E-006   4.54952357E-07
   1.3200000000000010        3.4106763246021082E-006   4.51104484E-07
   1.3300000000000010        3.3856680743498912E-006   4.44302515E-07
   1.3400000000000010        3.3804507128866169E-006   4.38666746E-07
   1.3500000000000010        3.3752736715586538E-006   4.54926152E-07
   1.3600000000000010        3.3387168416025639E-006   4.45663460E-07
   1.3700000000000010        3.3389306701441904E-006   4.49030694E-07
   1.3800000000000010        3.3399444575535739E-006   4.44947375E-07
   1.3900000000000010        3.3235416088428933E-006   4.57318549E-07
   1.4000000000000010        3.2962729363756889E-006   4.57800809E-07
   1.4100000000000010        3.2824383016894891E-006   4.40225364E-07
   1.4200000000000010        3.2385096204768911E-006   4.46117383E-07
   1.4300000000000010        3.2370688430503629E-006   4.54925839E-07
   1.4400000000000011        3.2351127812914863E-006   4.50876058E-07
   1.4500000000000011        3.1961801120560819E-006   4.34469797E-07
   1.4600000000000011        3.2117234905879649E-006   4.44918186E-07
   1.4700000000000011        3.1985172818924626E-006   4.57267049E-07
   1.4800000000000011        3.1669486176440696E-006   4.36503512E-07
   1.4900000000000011        3.1843963370563087E-006   4.36679130E-07
   1.5000000000000011        3.1366462605280304E-006   4.35010719E-07
   1.5100000000000011        3.1364309013114128E-006   4.27886988E-07
   1.5200000000000011        3.1356450915135458E-006   4.38046584E-07
   1.5300000000000011        3.1088191005032846E-006   4.36276792E-07
   1.5400000000000011        3.0741801397978341E-006   4.23704876E-07
   1.5500000000000012        3.0669030035830295E-006   4.42205049E-07
   1.5600000000000012        3.0862753780594683E-006   4.40661495E-07
   1.5700000000000012        3.0285462230614530E-006   4.38832330E-07
   1.5800000000000012        3.0509544174133532E-006   4.24068674E-07
   1.5900000000000012        3.0453969050234825E-006   4.34522889E-07
   1.6000000000000012        3.0087500721396258E-006   4.32427896E-07
   1.6100000000000012        3.0079701637403281E-006   4.16829153E-07
   1.6200000000000012        2.9854443664006415E-006   4.19581596E-07
   1.6300000000000012        3.0054135488113289E-006   4.09768887E-07
   1.6400000000000012        2.9547734208812143E-006   4.23444845E-07
   1.6500000000000012        2.9706075287457132E-006   4.28818907E-07
   1.6600000000000013        2.9178557047726125E-006   4.25212335E-07
   1.6700000000000013        2.9322918950913214E-006   4.21849563E-07
   1.6800000000000013        2.9277232944646615E-006   4.13853627E-07
   1.6900000000000013        2.8945869684556766E-006   4.34392092E-07
   1.7000000000000013        2.9090409508518565E-006   4.09418533E-07
   1.7100000000000013        2.8855004679070137E-006   4.23660254E-07
   1.7200000000000013        2.8396325400380430E-006   4.13457741E-07
   1.7300000000000013        2.8610736333324841E-006   4.10789227E-07
   1.7400000000000013        2.8491203492358068E-006   4.14387813E-07
   1.7500000000000013        2.8360626261559786E-006   4.24214392E-07
   1.7600000000000013        2.8166552587730257E-006   4.01809984E-07
   1.7700000000000014        2.7937293966128592E-006   4.03637955E-07
   1.7800000000000014        2.7911296822618130E-006   4.14410209E-07
   1.7900000000000014        2.7742449428586151E-006   4.23363844E-07
   1.8000000000000014        2.7746491148681649E-006   4.26248818E-07
   1.8100000000000014        2.7760883675106514E-006   4.10656554E-07
   1.8200000000000014        2.7420571848846591E-006   4.21160024E-07
   1.8300000000000014        2.7270508434637677E-006   4.01595628E-07
   1.8400000000000014        2.7198712159333726E-006   4.15811030E-07
   1.8500000000000014        2.7129687160572685E-006   4.29290594E-07
   1.8600000000000014        2.6960735734410688E-006   4.17645452E-07
   1.8700000000000014        2.6868941331416026E-006   4.16944061E-07
   1.8800000000000014        2.6907599064927963E-006   4.20025856E-07
   1.8900000000000015        2.6446015443805234E-006   4.12451556E-07
   1.9000000000000015        2.6897745988972586E-006   4.13824296E-07
   1.9100000000000015        2.6489222204506040E-006   4.08113124E-07
   1.9200000000000015        2.6200205869875496E-006   4.07477046E-07
   1.9300000000000015        2.6121991667438020E-006   4.11819599E-07
   1.9400000000000015        2.6316591206732934E-006   4.16595242E-07
   1.9500000000000015        2.6469997903583035E-006   4.16234059E-07
   1.9600000000000015        2.6130915641301961E-006   4.04295264E-07
   1.9700000000000015        2.5794334805499058E-006   4.08831710E-07
   1.9800000000000015        2.5965218046990351E-006   4.01014802E-07
   1.9900000000000015        2.5403359437152186E-006   4.00424256E-07
   2.0000000000000013        2.5613362384840165E-006   4.25143298E-07
   2.0100000000000011        2.5685065827464740E-006   4.15852327E-07
   2.0200000000000009        2.5603388869663584E-006   3.92479222E-07
   2.0300000000000007        2.5186618759541919E-006   4.02759468E-07
   2.0400000000000005        2.5134269555612038E-006   4.09221030E-07
   2.0500000000000003        2.4984198291588338E-006   4.13555995E-07
   2.0600000000000001        2.5146211750291924E-006   4.19741781E-07
   2.0699999999999998        2.4883047564877722E-006   4.00932095E-07
   2.0799999999999996        2.4788386159098992E-006   4.07160400E-07
   2.0899999999999994        2.4953752733744100E-006   4.07230971E-07
   2.0999999999999992        2.4685451950262545E-006   4.04247686E-07
   2.1099999999999990        2.4346951094158886E-006   4.00976688E-07
   2.1199999999999988        2.4552180176684304E-006   3.92890229E-07
   2.1299999999999986        2.4561308588398484E-006   4.25504084E-07
   2.1399999999999983        2.4304356520359250E-006   3.92061565E-07
   2.1499999999999981        2.4333834847131946E-006   3.98292059E-07
   2.1599999999999979        2.3858836482227433E-006   3.92026010E-07
   2.1699999999999977        2.3986812848747253E-006   4.06899630E-07
   2.1799999999999975        2.3699214576892910E-006   3.93600146E-07
   2.1899999999999973        2.4059876919082233E-006   4.14396396E-07
   2.1999999999999971        2.3846382812449436E-006   4.08637788E-07
   2.2099999999999969        2.3648865296495694E-006   3.91647660E-07
   2.2199999999999966        2.3593170094419566E-006   3.94524250E-07
   2.2299999999999964        2.3398164102453283E-006   3.90493284E-07
   2.2399999999999962        2.3386602540563825E-006   3.95452815E-07
   2.2499999999999960        2.3175252874759272E-006   4.04084744E-07
   2.2599999999999958        2.3372526766692898E-006   4.09416771E-07
   2.2699999999999956        2.2827796372881129E-006   3.96952487E-07
   2.2799999999999954        2.3299137949998290E-006   4.08880169E-07
   2.2899999999999952        2.2871369747692827E-006   4.03538223E-07
   2.2999999999999949        2.2854626769535796E-006   4.05135012E-07
   2.3099999999999947        2.2680781451957118E-006   3.92570115E-07
   2.3199999999999945        2.2794864067084787E-006   3.97837340E-07
   2.3299999999999943        2.2572574583936374E-006   3.91023178E-07
   2.3399999999999941        2.2663884641900895E-006   3.91045717E-07
   2.3499999999999939        2.2437316640726855E-006   3.89940851E-07
   2.3599999999999937        2.2319965385161606E-006   3.94496567E-07
   2.3699999999999934        2.2305953958279584E-006   4.02860564E-07
   2.3799999999999932        2.2301335833074408E-006   4.10006066E-07
   2.3899999999999930        2.2109130036925944E-006   3.91434384E-07
   2.3999999999999928        2.2225835149827579E-006   4.04938163E-07
   2.4099999999999926        2.1790840746655422E-006   3.86529081E-07
   2.4199999999999924        2.1775650150240527E-006   3.96325106E-07
   2.4299999999999922        2.1910591312919576E-006   3.86084878E-07
   2.4399999999999920        2.1687075040555685E-006   3.99881600E-07
   2.4499999999999917        2.1411045937991080E-006   3.86355339E-07
   2.4599999999999915        2.1528509251419169E-006   3.94301225E-07
   2.4699999999999913        2.1584598880075538E-006   3.97382109E-07
   2.4799999999999911        2.1227911048867259E-006   3.92052129E-07
   2.4899999999999909        2.1373517098033181E-006   4.00662572E-07
   2.4999999999999907        2.1214377766334137E-006   3.94184525E-07
   2.5099999999999905        2.1143473034432888E-006   3.86850957E-07
   2.5199999999999902        2.1255910705830594E-006   3.96258514E-07
   2.5299999999999900        2.0950724787850398E-006   3.84167805E-07
   2.5399999999999898        2.1098456441798836E-006   3.89979647E-07
   2.5499999999999896        2.1082533019345485E-006   3.95789982E-07
   2.5599999999999894        2.1075462539322073E-006   3.71692551E-07
   2.5699999999999892        2.0698408798628176E-006   3.79891134E-07
   2.5799999999999890        2.0858354927930515E-006   3.87452985E-07
   2.5899999999999888        2.0389710439456470E-006   3.78063476E-07
   2.5999999999999885        2.0569625520028169E-006   3.74279324E-07
   2.6099999999999883        2.0601176076427506E-006   4.03400577E-07
   2.6199999999999881        2.0555298652925811E-006   3.83065100E-07
   2.6299999999999879        2.0217450096937058E-006   3.93727902E-07
   2.6399999999999877        2.0030529031524366E-006   3.85795744E-07
   2.6499999999999875        2.0140213900484524E-006   3.95343818E-07
   2.6599999999999873        2.0118592782473379E-006   3.72168557E-07
   2.6699999999999871        1.9979843953697231E-006   3.73293688E-07
   2.6799999999999868        2.0096503458344555E-006   3.90994273E-07
   2.6899999999999866        1.9872110766107524E-006   3.83172846E-07
   2.6999999999999864        1.9792434788302621E-006   3.90594977E-07
   2.7099999999999862        2.0032248346240090E-006   3.83472894E-07
   2.7199999999999860        1.9718034381418953E-006   3.95995386E-07
   2.7299999999999858        1.9641854577357869E-006   3.73176562E-07
   2.7399999999999856        1.9635971804142432E-006   3.99801280E-07
   2.7499999999999853        1.9549683852451262E-006   3.80903202E-07
   2.7599999999999851        1.9483044616769466E-006   3.83535308E-07
   2.7699999999999849        1.9256593837545931E-006   3.69026424E-07
   2.7799999999999847        1.9121268704973821E-006   4.02129842E-07
   2.7899999999999845        1.9310830243013725E-006   3.93681233E-07
   2.7999999999999843        1.9247322666893090E-006   3.88844228E-07
   2.8099999999999841        1.9072851642812043E-006   3.74135823E-07
   2.8199999999999839        1.8965739248411298E-006   3.80912553E-07
   2.8299999999999836        1.8841478950847479E-006   3.83119186E-07
   2.8399999999999834        1.9008342891301880E-006   3.75179525E-07
   2.8499999999999832        1.8964975923656611E-006   3.73881107E-07
   2.8599999999999830        1.8903507329539630E-006   3.79933255E-07
   2.8699999999999828        1.8774167063947028E-006   3.81151864E-07
   2.8799999999999826        1.8734162072989416E-006   3.72568508E-07
   2.8899999999999824        1.8665620693712423E-006   3.65454014E-07
   2.8999999999999821        1.8660675965031033E-006   3.85732903E-07
   2.9099999999999819        1.8532408136661192E-006   3.88584965E-07
   2.9199999999999817        1.8225426039033920E-006   3.84078049E-07
   2.9299999999999815        1.8462715444281308E-006   3.76266541E-07
   2.9399999999999813        1.8341939526466070E-006   3.78269618E-07
   2.9499999999999811        1.8498094666986559E-006   3.64121092E-07
   2.9599999999999809        1.8240257233524733E-006   3.79300531E-07
   2.9699999999999807        1.8358499733824349E-006   3.77854889E-07
   2.9799999999999804        1.8015186381383631E-006   3.69876659E-07
   2.9899999999999802        1.8021631070065929E-006   3.84253809E-07
   2.9999999999999800        1.7947739179890682E-006   3.79748172E-07
   3.0099999999999798        1.8043415870636812E-006   3.84404473E-07
   3.0199999999999796        1.7831269318473818E-006   3.87796348E-07
   3.0299999999999794        1.8145040396047643E-006   3.76617720E-07
   3.0399999999999792        1.7934667427356921E-006   3.79637925E-07
   3.0499999999999790        1.7798141187254785E-006   3.94062084E-07
   3.0599999999999787        1.7816742705623145E-006   3.73462342E-07
   3.0699999999999785        1.7694943855006992E-006   3.83266865E-07
   3.0799999999999783        1.7775237317340749E-006   3.64343947E-07
   3.0899999999999781        1.7581247275650525E-006   3.81943579E-07
   3.0999999999999779        1.7656749218297510E-006   3.68014298E-07
   3.1099999999999777        1.7412330022810208E-006   3.73236304E-07
   3.1199999999999775        1.7206871482524263E-006   3.72784712E-07
   3.1299999999999772        1.7231133806719272E-006   3.74199516E-07
   3.1399999999999770        1.7037014074196837E-006   3.86972232E-07
   3.1499999999999768        1.7427911834385828E-006   3.88002348E-07
   3.1599999999999766        1.7198744512689433E-006   3.86158860E-07
   3.1699999999999764        1.7029709863478983E-006   3.69066072E-07
   3.1799999999999762        1.6951230450769143E-006   3.82531567E-07
   3.1899999999999760        1.6817932435987673E-006   3.88386212E-07
   3.1999999999999758        1.6959625368991435E-006   3.58960847E-07
   3.2099999999999755        1.6844772119109718E-006   3.82516788E-07
   3.2199999999999753        1.6890640430406539E-006   3.66148782E-07
   3.2299999999999751        1.6596865174665208E-006   3.53074853E-07
   3.2399999999999749        1.6708942856673212E-006   3.78124895E-07
   3.2499999999999747        1.6720867086104133E-006   3.76069721E-07
   3.2599999999999745        1.6835503062916396E-006   3.92339587E-07
   3.2699999999999743        1.6432772299934018E-006   3.64652379E-07
   3.2799999999999740        1.6521716932545730E-006   3.96708174E-07
   3.2899999999999738        1.6455895833395511E-006   3.62492983E-07
   3.2999999999999736        1.6558302661604200E-006   3.77047257E-07
   3.3099999999999734        1.6177326994125909E-006   3.68036723E-07
   3.3199999999999732        1.6556986641218780E-006   3.75837715E-07
   3.3299999999999730        1.6240124761795047E-006   3.59596697E-07
   3.3399999999999728        1.6448128928453510E-006   3.80078518E-07
   3.3499999999999726        1.6242938715143855E-006   3.68276545E-07
   3.3599999999999723        1.6084583323578985E-006   3.89217888E-07
   3.3699999999999721        1.6299636220382370E-006   3.67369751E-07
   3.3799999999999719        1.6283826798280242E-006   3.65905976E-07
   3.3899999999999717        1.5714280518165949E-006   3.67569356E-07
   3.3999999999999715        1.6165033652051579E-006   3.72256750E-07
   3.4099999999999713        1.5887428312676361E-006   3.59546164E-07
   3.4199999999999711        1.5941742814785729E-006   3.69002237E-07
   3.4299999999999708        1.5744848477195010E-006   3.78413546E-07
   3.4399999999999706        1.5799857444732698E-006   3.73548403E-07
   3.4499999999999704        1.5699103349193533E-006   3.69283811E-07
   3.4599999999999702        1.5673045431004851E-006   3.63109081E-07
   3.4699999999999700        1.6114671538044502E-006   3.80608100E-07
   3.4799999999999698        1.5568814708484975E-006   3.72166966E-07
   3.4899999999999696        1.5523811680021646E-006   3.73303720E-07
   3.4999999999999694        1.5696688187933141E-006   3.62379240E-07
   3.5099999999999691        1.5506200550851025E-006   3.79811780E-07
   3.5199999999999689        1.5445471059444198E-006   3.67508335E-07
   3.5299999999999687        1.5478147122914319E-006   3.76247272E-07
   3.5399999999999685        1.5294134466846355E-006   3.61408951E-07
   3.5499999999999683        1.5394927737275562E-006   3.59511461E-07
   3.5599999999999681        1.5639987484508207E-006   3.66922677E-07
   3.5699999999999679        1.5162161274927730E-006   3.74359558E-07
   3.5799999999999677        1.5177202829858457E-006   3.65445118E-07
   3.5899999999999674        1.5157945904015771E-006   3.69492000E-07
   3.5999999999999672        1.5187709288358887E-006   3.58859467E-07
   3.6099999999999670        1.5347673835168238E-006   3.63205004E-07
   3.6199999999999668        1.4789659882285661E-006   3.67105827E-07
   3.6299999999999666        1.5160626848184915E-006   3.60157486E-07
   3.6399999999999664        1.5060165502810866E-006   3.68896877E-07
   3.6499999999999662        1.5014959275562960E-006   3.79070826E-07
   3.6599999999999659        1.4807975598512995E-006   3.66106462E-07
   3.6699999999999657        1.4675688145960896E-006   3.54971036E-07
   3.6799999999999655        1.4808789744044879E-006   3.53927817E-07
   3.6899999999999653        1.4792063221640277E-006   3.42779600E-07
   3.6999999999999651        1.4919306281484067E-006   3.77160461E-07
   3.7099999999999649        1.4657054596609779E-006   3.73228744E-07
   3.7199999999999647        1.4618744445178075E-006   3.58921625E-07
   3.7299999999999645        1.4683035918949900E-006   3.59223151E-07
   3.7399999999999642        1.4637976201276673E-006   3.65125601E-07
   3.7499999999999640        1.4582863047297510E-006   3.60985922E-07
   3.7599999999999638        1.4158354285246332E-006   3.61763000E-07
   3.7699999999999636        1.4218380786580761E-006   3.54349964E-07
   3.7799999999999634        1.4689586886485696E-006   3.62806730E-07
   3.7899999999999632        1.4563819671954464E-006   3.73025131E-07
   3.7999999999999630        1.4374085487429164E-006   3.62709073E-07
   3.8099999999999627        1.4380524374518980E-006   3.41968530E-07
   3.8199999999999625        1.4233854315829888E-006   3.62387652E-07
   3.8299999999999623        1.4255504804746429E-006   3.77934839E-07
   3.8399999999999621        1.4360854467327001E-006   3.65422011E-07
   3.8499999999999619        1.4063310380689205E-006   3.59559067E-07
   3.8599999999999617        1.4280107434975442E-006   3.67902629E-07
   3.8699999999999615        1.4016141702686778E-006   3.76502442E-07
   3.8799999999999613        1.4124710281768971E-006   3.68578554E-07
   3.8899999999999610        1.4204264890818370E-006   3.62492301E-07
   3.8999999999999608        1.4236725941515595E-006   3.56344685E-07
   3.9099999999999606        1.4212123442103684E-006   3.64683416E-07
   3.9199999999999604        1.3992135776391902E-006   3.67446546E-07
   3.9299999999999602        1.4072341420179607E-006   3.75093379E-07
   3.9399999999999600        1.3913571613982925E-006   3.58571413E-07
   3.9499999999999598        1.4083536299846023E-006   3.74402333E-07
   3.9599999999999596        1.3883729405284571E-006   3.61031965E-07
   3.9699999999999593        1.3907549746431092E-006   3.56045746E-07
   3.9799999999999591        1.3456753883993051E-006   3.59465218E-07
   3.9899999999999589        1.3479985162979296E-006   3.62412777E-07
   3.9999999999999587        1.3824388194384062E-006   3.59825208E-07
