   1.0100000000000000        3.9503439186455767E-006   8.40904079E-07
   1.0200000000000000        3.8754429295140909E-006   7.24067718E-07
   1.0300000000000000        3.8787908954329174E-006   8.48767286E-07
   1.0400000000000000        3.9784394871513814E-006   8.75585954E-07
   1.0500000000000000        3.8549260622750858E-006   7.09357835E-07
   1.0600000000000001        3.8678746232512086E-006   7.24206643E-07
   1.0700000000000001        3.7541784524084314E-006   8.37157188E-07
   1.0800000000000001        3.7820388273769871E-006   8.84824544E-07
   1.0900000000000001        3.7721135278235590E-006   8.31578291E-07
   1.1000000000000001        3.7873678440588736E-006   8.11906148E-07
   1.1100000000000001        3.8038375599994263E-006   7.81444271E-07
   1.1200000000000001        3.6418344080948735E-006   7.98626729E-07
   1.1300000000000001        3.6244626804317208E-006   7.33886736E-07
   1.1400000000000001        3.6778395278441523E-006   7.99408667E-07
   1.1500000000000001        3.6858480179273490E-006   7.86926535E-07
   1.1600000000000001        3.7760312941867646E-006   7.80176265E-07
   1.1700000000000002        3.6092821794496184E-006   9.13682527E-07
   1.1800000000000002        3.6391753253894784E-006   7.17658395E-07
   1.1900000000000002        3.7070118397679790E-006   7.56994268E-07
   1.2000000000000002        3.6051645034206716E-006   6.81398888E-07
   1.2100000000000002        3.6285539332936023E-006   7.06994911E-07
   1.2200000000000002        3.4775795503878311E-006   7.37374592E-07
   1.2300000000000002        3.6424033145952821E-006   7.56366376E-07
   1.2400000000000002        3.5136132272435139E-006   6.89378965E-07
   1.2500000000000002        3.5730000165322547E-006   8.53519566E-07
   1.2600000000000002        3.5243573917396620E-006   7.65058701E-07
   1.2700000000000002        3.5245217884287661E-006   7.17899923E-07
   1.2800000000000002        3.4819796749742539E-006   7.69745668E-07
   1.2900000000000003        3.4771148977137700E-006   7.57635519E-07
   1.3000000000000003        3.1968557128658656E-006   7.73117904E-07
   1.3100000000000003        3.4005348430349128E-006   8.87660804E-07
   1.3200000000000003        3.4719009239834372E-006   6.96613085E-07
   1.3300000000000003        3.3971583138851648E-006   7.56135705E-07
   1.3400000000000003        3.4297597770929507E-006   7.47499541E-07
   1.3500000000000003        3.3885603898479543E-006   7.97280620E-07
   1.3600000000000003        3.2501545036407936E-006   7.33245770E-07
   1.3700000000000003        3.2615150041714063E-006   6.89698311E-07
   1.3800000000000003        3.3394344365676223E-006   6.21726315E-07
   1.3900000000000003        3.1987027013417358E-006   7.37683820E-07
   1.4000000000000004        3.2376918895444491E-006   7.10629195E-07
   1.4100000000000004        3.3127236182983360E-006   6.70598354E-07
   1.4200000000000004        3.1395782822830333E-006   7.31514660E-07
   1.4300000000000004        3.2719708428730598E-006   6.33784794E-07
   1.4400000000000004        3.2081204740629712E-006   7.47662284E-07
   1.4500000000000004        3.0856659971927141E-006   7.91608727E-07
   1.4600000000000004        3.0833243716331018E-006   7.08261041E-07
   1.4700000000000004        3.2020796877350449E-006   6.68635039E-07
   1.4800000000000004        3.2677074139871887E-006   7.49271862E-07
   1.4900000000000004        3.2033467447549398E-006   8.06274386E-07
   1.5000000000000004        3.0893439334037262E-006   6.71572593E-07
   1.5100000000000005        3.1531640761089143E-006   6.55080839E-07
   1.5200000000000005        3.0922212618742191E-006   7.50120705E-07
   1.5300000000000005        3.0926516952041737E-006   8.20018897E-07
   1.5400000000000005        2.9752351617812488E-006   7.44585577E-07
   1.5500000000000005        2.9658886096199124E-006   6.74669309E-07
   1.5600000000000005        2.9914958214556686E-006   7.44956367E-07
   1.5700000000000005        3.1208188372069961E-006   7.03479259E-07
   1.5800000000000005        2.9160876049496127E-006   6.69901567E-07
   1.5900000000000005        2.9707378155791760E-006   7.50108029E-07
   1.6000000000000005        2.9246182417366776E-006   7.32841386E-07
   1.6100000000000005        3.0080565848839036E-006   6.77243804E-07
   1.6200000000000006        3.0818087470918450E-006   7.19871650E-07
   1.6300000000000006        3.0347259453651296E-006   7.01341094E-07
   1.6400000000000006        3.0044248622972350E-006   6.37699316E-07
   1.6500000000000006        2.9351996150029119E-006   6.58514068E-07
   1.6600000000000006        2.9267820126302480E-006   7.19344371E-07
   1.6700000000000006        2.9695844717298083E-006   7.13830218E-07
   1.6800000000000006        3.0684596244043206E-006   7.22770494E-07
   1.0000000000000000E-002  -5.9050827497672931E-009   5.16634824E-09
   2.0000000000000000E-002  -5.5363589103916758E-009   4.69437289E-09
   2.9999999999999999E-002  -9.1502410775715397E-010   3.06876018E-08
   4.0000000000000001E-002   9.8503837695623794E-009   5.41022764E-08
   5.0000000000000003E-002   4.7978051284069917E-008   9.81900783E-08
   6.0000000000000005E-002   1.5057474515819631E-007   1.94948242E-07
   7.0000000000000007E-002   3.2248327586678129E-007   2.50189544E-07
   8.0000000000000002E-002   5.0664518733668920E-007   3.25383155E-07
   8.9999999999999997E-002   7.3543166403578605E-007   4.03256024E-07
   9.9999999999999992E-002   9.3131336311238324E-007   4.19020267E-07
  0.10999999999999999        1.2148395566703594E-006   4.96789369E-07
  0.11999999999999998        1.3684568032718707E-006   5.11316728E-07
  0.12999999999999998        1.6965848907961036E-006   5.35463528E-07
  0.13999999999999999        1.8071325207241300E-006   5.84881946E-07
  0.14999999999999999        2.0393069173776709E-006   6.51119308E-07
  0.16000000000000000        2.1865856729976821E-006   6.61577076E-07
  0.17000000000000001        2.4961410429814699E-006   6.56947066E-07
  0.18000000000000002        2.7060165087148041E-006   7.47311219E-07
  0.19000000000000003        2.8840289838267618E-006   7.30951797E-07
  0.20000000000000004        3.0027820333844198E-006   7.65542325E-07
  0.21000000000000005        3.2189825468125507E-006   7.89686851E-07
  0.22000000000000006        3.3982933150990721E-006   8.63396792E-07
  0.23000000000000007        3.5782813595061131E-006   9.23870573E-07
  0.24000000000000007        3.5364711680829850E-006   8.03806358E-07
  0.25000000000000006        3.7029327007034992E-006   8.39816948E-07
  0.26000000000000006        3.9047834292996424E-006   8.48614434E-07
  0.27000000000000007        3.8738205147405327E-006   9.01514056E-07
  0.28000000000000008        4.0070888916199601E-006   8.61495380E-07
  0.29000000000000009        4.2720005360316030E-006   9.61064075E-07
  0.30000000000000010        4.1662507566087752E-006   1.00876980E-06
  0.31000000000000011        4.2319152776732230E-006   9.74301884E-07
  0.32000000000000012        4.0602276241748174E-006   8.49825142E-07
  0.33000000000000013        4.3516580040404618E-006   8.59233637E-07
  0.34000000000000014        4.3583620003593477E-006   9.23497907E-07
  0.35000000000000014        4.3309434538002304E-006   9.48601098E-07
  0.36000000000000015        4.4791949840432316E-006   9.44962778E-07
  0.37000000000000016        4.6413327244797693E-006   9.44847613E-07
  0.38000000000000017        4.6208252064335716E-006   9.03242039E-07
  0.39000000000000018        4.7343499347954849E-006   9.78567641E-07
  0.40000000000000019        4.6862027731025078E-006   9.71375812E-07
  0.41000000000000020        4.6472672193936503E-006   9.96748781E-07
  0.42000000000000021        4.5415146565568584E-006   9.47642548E-07
  0.43000000000000022        4.4555807480492967E-006   9.05756735E-07
  0.44000000000000022        4.6785323708765991E-006   8.96089034E-07
  0.45000000000000023        4.8518939059038937E-006   8.33250112E-07
  0.46000000000000024        4.5946919406326169E-006   8.94799030E-07
  0.47000000000000025        4.5943968358591710E-006   7.58572241E-07
  0.48000000000000026        4.7096461236830130E-006   9.01547764E-07
  0.49000000000000027        4.5524914966430002E-006   9.09583264E-07
  0.50000000000000022        4.7669137690152791E-006   9.61149112E-07
  0.51000000000000023        4.5613477495623038E-006   9.66406105E-07
  0.52000000000000024        4.5687198300997272E-006   8.28096518E-07
  0.53000000000000025        4.6032994673478954E-006   9.53135270E-07
  0.54000000000000026        4.6204940173543510E-006   9.82493248E-07
  0.55000000000000027        4.6569083213047534E-006   9.52226117E-07
  0.56000000000000028        4.6630610808591588E-006   9.37615027E-07
  0.57000000000000028        4.5798204507377064E-006   8.78425283E-07
  0.58000000000000029        4.7045877840855236E-006   1.00338173E-06
  0.59000000000000030        4.5518109562019976E-006   8.73081831E-07
  0.60000000000000031        4.5631422397678565E-006   8.81098458E-07
  0.61000000000000032        4.7511180820534565E-006   9.38946300E-07
  0.62000000000000033        4.4992230410543271E-006   8.12699568E-07
  0.63000000000000034        4.5337747296398477E-006   9.12911446E-07
  0.64000000000000035        4.4786533381315357E-006   9.40419625E-07
  0.65000000000000036        4.5446777507111357E-006   8.55595033E-07
  0.66000000000000036        4.5450395310127970E-006   8.22224308E-07
  0.67000000000000037        4.6117529599141660E-006   9.10012602E-07
  0.68000000000000038        4.4321377153908964E-006   9.22214667E-07
  0.69000000000000039        4.3215009544258118E-006   8.36727168E-07
  0.70000000000000040        4.3273766967089586E-006   8.93744186E-07
  0.71000000000000041        4.3422967242704376E-006   8.62114405E-07
  0.72000000000000042        4.4008252948810455E-006   9.03433204E-07
  0.73000000000000043        4.4997041124173026E-006   8.69177711E-07
  0.74000000000000044        4.3713047158986302E-006   9.43464045E-07
  0.75000000000000044        4.4260489618252164E-006   9.27519125E-07
  0.76000000000000045        4.3454790486001580E-006   8.94009986E-07
  0.77000000000000046        4.4132841119106767E-006   9.36845424E-07
  0.78000000000000047        4.2265275272943868E-006   7.35864830E-07
  0.79000000000000048        4.3925396497916556E-006   8.31672025E-07
  0.80000000000000049        4.2012779443049051E-006   8.46659646E-07
  0.81000000000000050        4.1703059809937634E-006   8.35783226E-07
  0.82000000000000051        4.1892177361740030E-006   7.87377076E-07
  0.83000000000000052        4.2078625740393531E-006   7.77518551E-07
  0.84000000000000052        4.3408686788224160E-006   9.14584177E-07
  0.85000000000000053        4.2739682750556758E-006   7.87651800E-07
  0.86000000000000054        4.3712339786068618E-006   7.71401915E-07
  0.87000000000000055        4.0302170474868623E-006   9.31346392E-07
  0.88000000000000056        4.0151033620416664E-006   8.10919573E-07
  0.89000000000000057        4.0510104413750991E-006   7.85385907E-07
  0.90000000000000058        4.0443421854665292E-006   8.96047084E-07
  0.91000000000000059        4.0605229685157616E-006   8.00048724E-07
  0.92000000000000060        3.7710940392059834E-006   8.35400556E-07
  0.93000000000000060        3.9284047285097975E-006   8.45761974E-07
  0.94000000000000061        3.9163905455836186E-006   9.25697861E-07
  0.95000000000000062        4.0125335621141924E-006   8.39566553E-07
  0.96000000000000063        3.9524249523307176E-006   7.84597489E-07
  0.97000000000000064        3.9753778475884328E-006   8.23759876E-07
  0.98000000000000065        4.0128867734848666E-006   7.94075959E-07
  0.99000000000000066        3.8915663863566584E-006   8.90842330E-07
   1.0000000000000000        3.9472831355049043E-006   8.19468141E-07
